Waiting Time Statistics:
Min: 0.0
Max: 67.43868365019377
Mean: 14.583903523717344
Std: 11.054849646087714

Total Service Time Statistics:
Min: 6.697184794748409
Max: 84.45486028032293
Mean: 29.669068239230207
Std: 14.418734056822354
