Waiting Time Statistics:
Min: 0.0
Max: 32.831312472520835
Mean: 8.710428729511008
Std: 6.555534269461375

Total Service Time Statistics:
Min: 3.842613715078728
Max: 47.53146889115419
Mean: 19.92802573192064
Std: 8.854653672069984
