Waiting Time Statistics:
Min: 0.0
Max: 49.94792365025141
Mean: 8.136918042695864
Std: 7.170333539866533

Total Service Time Statistics:
Min: 3.547923650251022
Max: 67.18681363100538
Mean: 19.225102856201183
Std: 9.109946022052982
