Waiting Time Statistics:
Min: 0.0
Max: 31.139114498965963
Mean: 7.568288430725059
Std: 5.922342709638447

Total Service Time Statistics:
Min: 3.770583232633271
Max: 46.68844528163254
Mean: 18.689251233355826
Std: 8.444070422033214
