iteration: 50
System used: N_lift
Number of floors: 40
Number of passengers: 176
traffic: low
Waiting Time Statistics:
Min: 0
Max: 469
Mean: 71.67045454545455
Std: 82.30233068609682

Total Service Time Statistics:
Min: 10
Max: 725
Mean: 181.8068181818182
Std: 117.9702488358383
