iteration: 38
System used: N_lift
Number of floors: 20
Number of passengers: 123
traffic: low
Waiting Time Statistics:
Min: 0
Max: 245
Mean: 43.10569105691057
Std: 48.337917948632104

Total Service Time Statistics:
Min: 15
Max: 393
Mean: 129.3170731707317
Std: 77.55635889131341
