iteration: 87
System used: N_lift
Number of floors: 40
Number of passengers: 185
traffic: low
Waiting Time Statistics:
Min: 0
Max: 286
Mean: 64.0972972972973
Std: 72.21782601843961

Total Service Time Statistics:
Min: 15
Max: 566
Mean: 167.36756756756756
Std: 115.95508419692659
