iteration: 7
System used: N_lift
Number of floors: 5
Number of passengers: 53
traffic: low
Waiting Time Statistics:
Min: 0
Max: 104
Mean: 17.528301886792452
Std: 20.261372659841136

Total Service Time Statistics:
Min: 16
Max: 182
Mean: 64.41509433962264
Std: 35.46202408767405
