iteration: 37
System used: N_lift
Number of floors: 20
Number of passengers: 152
traffic: low
Waiting Time Statistics:
Min: 0
Max: 248
Mean: 37.51973684210526
Std: 45.83803481489884

Total Service Time Statistics:
Min: 10
Max: 423
Mean: 126.57894736842105
Std: 78.49549920161742
