iteration: 13
System used: N_lift
Number of floors: 40
Number of passengers: 198
traffic: low
Waiting Time Statistics:
Min: 0
Max: 337
Mean: 61.74242424242424
Std: 66.53451696219571

Total Service Time Statistics:
Min: 12
Max: 591
Mean: 169.84343434343435
Std: 102.86273309720403
