iteration: 16
System used: N_lift
Number of floors: 20
Number of passengers: 138
traffic: low
Waiting Time Statistics:
Min: 0
Max: 152
Mean: 35.007246376811594
Std: 33.66310037219956

Total Service Time Statistics:
Min: 18
Max: 364
Mean: 126.32608695652173
Std: 72.37777646613748
