iteration: 69
System used: N_lift
Number of floors: 40
Number of passengers: 213
traffic: low
Waiting Time Statistics:
Min: 0
Max: 429
Mean: 63.31924882629108
Std: 77.32400256723642

Total Service Time Statistics:
Min: 12
Max: 729
Mean: 153.43192488262912
Std: 106.69676355613052
