iteration: 50
System used: N_lift
Number of floors: 20
Number of passengers: 142
traffic: low
Waiting Time Statistics:
Min: 0
Max: 196
Mean: 41.16197183098591
Std: 41.65522747778664

Total Service Time Statistics:
Min: 21
Max: 309
Mean: 126.87323943661971
Std: 71.93050814638794
