iteration: 88
System used: N_lift
Number of floors: 40
Number of passengers: 193
traffic: low
Waiting Time Statistics:
Min: 0
Max: 411
Mean: 57.60621761658031
Std: 70.00335083270346

Total Service Time Statistics:
Min: 13
Max: 532
Mean: 159.47668393782382
Std: 104.53229527573345
