iteration: 36
System used: N_lift
Number of floors: 5
Number of passengers: 46
traffic: low
Waiting Time Statistics:
Min: 0
Max: 66
Mean: 16.043478260869566
Std: 15.986044638634219

Total Service Time Statistics:
Min: 13
Max: 98
Mean: 51.69565217391305
Std: 19.882845275057694
