iteration: 86
System used: N_lift
Number of floors: 5
Number of passengers: 48
traffic: low
Waiting Time Statistics:
Min: 0
Max: 118
Mean: 22.0
Std: 24.92371339430989

Total Service Time Statistics:
Min: 20
Max: 181
Mean: 68.97916666666667
Std: 39.30810624174175
