iteration: 12
System used: N_lift
Number of floors: 20
Number of passengers: 139
traffic: low
Waiting Time Statistics:
Min: 0
Max: 216
Mean: 46.53237410071942
Std: 47.35302236321878

Total Service Time Statistics:
Min: 17
Max: 478
Mean: 131.71223021582733
Std: 82.40868856368967
