iteration: 76
System used: N_lift
Number of floors: 20
Number of passengers: 113
traffic: low
Waiting Time Statistics:
Min: 0
Max: 479
Mean: 46.50442477876106
Std: 62.11899926376984

Total Service Time Statistics:
Min: 26
Max: 626
Mean: 152.30973451327435
Std: 96.82025685018623
