iteration: 81
System used: N_lift
Number of floors: 40
Number of passengers: 175
traffic: low
Waiting Time Statistics:
Min: 0
Max: 303
Mean: 67.53714285714285
Std: 73.97434739319834

Total Service Time Statistics:
Min: 17
Max: 506
Mean: 157.90285714285713
Std: 102.49848186628554
