iteration: 97
System used: N_lift
Number of floors: 20
Number of passengers: 137
traffic: low
Waiting Time Statistics:
Min: 0
Max: 212
Mean: 42.88321167883212
Std: 44.60481141507024

Total Service Time Statistics:
Min: 10
Max: 370
Mean: 132.65693430656935
Std: 77.34675912030684
