iteration: 43
System used: N_lift
Number of floors: 5
Number of passengers: 45
traffic: low
Waiting Time Statistics:
Min: 0
Max: 94
Mean: 19.755555555555556
Std: 22.26100907983565

Total Service Time Statistics:
Min: 17
Max: 155
Mean: 64.73333333333333
Std: 33.47821544065497
