iteration: 49
System used: N_lift
Number of floors: 5
Number of passengers: 40
traffic: low
Waiting Time Statistics:
Min: 0
Max: 48
Mean: 16.1
Std: 13.122304362987158

Total Service Time Statistics:
Min: 10
Max: 135
Mean: 63.95
Std: 32.41157596307616
