iteration: 98
System used: N_lift
Number of floors: 40
Number of passengers: 213
traffic: low
Waiting Time Statistics:
Min: 0
Max: 289
Mean: 59.178403755868544
Std: 63.8279386931565

Total Service Time Statistics:
Min: 16
Max: 632
Mean: 155.05633802816902
Std: 92.86933720118328
