iteration: 7
System used: N_lift
Number of floors: 20
Number of passengers: 125
traffic: low
Waiting Time Statistics:
Min: 0
Max: 256
Mean: 41.456
Std: 45.26009137162387

Total Service Time Statistics:
Min: 18
Max: 394
Mean: 127.312
Std: 74.32105766808775
