iteration: 28
System used: N_lift
Number of floors: 40
Number of passengers: 191
traffic: low
Waiting Time Statistics:
Min: 0
Max: 296
Mean: 56.20942408376963
Std: 63.14101273868336

Total Service Time Statistics:
Min: 20
Max: 663
Mean: 164.95287958115182
Std: 110.22934407087774
