iteration: 90
System used: N_lift
Number of floors: 40
Number of passengers: 201
traffic: low
Waiting Time Statistics:
Min: 0
Max: 297
Mean: 61.44776119402985
Std: 66.97916472652288

Total Service Time Statistics:
Min: 14
Max: 412
Mean: 160.67164179104478
Std: 96.57402156786806
