iteration: 42
System used: N_lift
Number of floors: 20
Number of passengers: 136
traffic: low
Waiting Time Statistics:
Min: 0
Max: 256
Mean: 38.26470588235294
Std: 46.152763296609386

Total Service Time Statistics:
Min: 14
Max: 439
Mean: 128.97058823529412
Std: 79.45965117955994
