iteration: 70
System used: N_lift
Number of floors: 20
Number of passengers: 140
traffic: low
Waiting Time Statistics:
Min: 0
Max: 368
Mean: 38.76428571428571
Std: 49.56844127052739

Total Service Time Statistics:
Min: 13
Max: 501
Mean: 126.87857142857143
Std: 80.93397858767868
