iteration: 57
System used: N_lift
Number of floors: 40
Number of passengers: 176
traffic: low
Waiting Time Statistics:
Min: 0
Max: 349
Mean: 64.80681818181819
Std: 76.94946140415546

Total Service Time Statistics:
Min: 13
Max: 594
Mean: 162.6306818181818
Std: 101.22978088962279
