iteration: 71
System used: N_lift
Number of floors: 5
Number of passengers: 52
traffic: low
Waiting Time Statistics:
Min: 0
Max: 109
Mean: 18.403846153846153
Std: 18.126202045749082

Total Service Time Statistics:
Min: 13
Max: 156
Mean: 64.78846153846153
Std: 33.68442738962797
