iteration: 0
System used: N_lift
Number of floors: 5
Number of passengers: 51
traffic: low
Waiting Time Statistics:
Min: 0
Max: 95
Mean: 25.0
Std: 25.754222954692302

Total Service Time Statistics:
Min: 17
Max: 178
Mean: 69.68627450980392
Std: 42.38796536569238
