iteration: 54
System used: N_lift
Number of floors: 20
Number of passengers: 122
traffic: low
Waiting Time Statistics:
Min: 0
Max: 339
Mean: 45.23770491803279
Std: 52.652463117835396

Total Service Time Statistics:
Min: 14
Max: 407
Mean: 139.7295081967213
Std: 80.1315072921579
