iteration: 4
System used: N_lift
Number of floors: 5
Number of passengers: 44
traffic: low
Waiting Time Statistics:
Min: 0
Max: 42
Mean: 15.272727272727273
Std: 10.51988954837153

Total Service Time Statistics:
Min: 20
Max: 127
Mean: 61.86363636363637
Std: 30.152010931503906
