iteration: 12
System used: N_lift
Number of floors: 40
Number of passengers: 184
traffic: low
Waiting Time Statistics:
Min: 0
Max: 294
Mean: 64.92391304347827
Std: 72.654694009772

Total Service Time Statistics:
Min: 17
Max: 619
Mean: 168.33695652173913
Std: 112.90242193203085
