iteration: 66
System used: N_lift
Number of floors: 5
Number of passengers: 46
traffic: low
Waiting Time Statistics:
Min: 0
Max: 118
Mean: 27.304347826086957
Std: 28.94889716971953

Total Service Time Statistics:
Min: 13
Max: 210
Mean: 78.28260869565217
Std: 43.412063373868925
