iteration: 84
System used: N_lift
Number of floors: 5
Number of passengers: 49
traffic: low
Waiting Time Statistics:
Min: 0
Max: 70
Mean: 18.06122448979592
Std: 16.811960230821423

Total Service Time Statistics:
Min: 16
Max: 121
Mean: 62.97959183673469
Std: 26.58593753904368
