iteration: 30
System used: N_lift
Number of floors: 5
Number of passengers: 52
traffic: low
Waiting Time Statistics:
Min: 0
Max: 69
Mean: 16.26923076923077
Std: 14.772942124185178

Total Service Time Statistics:
Min: 16
Max: 161
Mean: 62.25
Std: 30.714290599960528
