iteration: 29
System used: N_lift
Number of floors: 40
Number of passengers: 191
traffic: low
Waiting Time Statistics:
Min: 0
Max: 368
Mean: 66.56544502617801
Std: 76.98560808554356

Total Service Time Statistics:
Min: 9
Max: 655
Mean: 174.4240837696335
Std: 109.39726373020535
