iteration: 9
System used: N_lift
Number of floors: 40
Number of passengers: 177
traffic: low
Waiting Time Statistics:
Min: 0
Max: 414
Mean: 72.045197740113
Std: 82.01696188268838

Total Service Time Statistics:
Min: 10
Max: 625
Mean: 168.03954802259886
Std: 108.66495428933676
