iteration: 22
System used: N_lift
Number of floors: 40
Number of passengers: 202
traffic: low
Waiting Time Statistics:
Min: 0
Max: 547
Mean: 67.44554455445545
Std: 80.04047175869047

Total Service Time Statistics:
Min: 15
Max: 690
Mean: 177.70792079207922
Std: 117.5086271274868
