iteration: 64
System used: N_lift
Number of floors: 20
Number of passengers: 134
traffic: low
Waiting Time Statistics:
Min: 0
Max: 353
Mean: 38.21641791044776
Std: 42.92279516721732

Total Service Time Statistics:
Min: 16
Max: 413
Mean: 124.8955223880597
Std: 77.58500249003795
