iteration: 48
System used: N_lift
Number of floors: 5
Number of passengers: 46
traffic: low
Waiting Time Statistics:
Min: 0
Max: 98
Mean: 27.82608695652174
Std: 26.619378361408558

Total Service Time Statistics:
Min: 16
Max: 220
Mean: 80.1304347826087
Std: 42.561123990824285
