iteration: 3
System used: N_lift
Number of floors: 20
Number of passengers: 116
traffic: low
Waiting Time Statistics:
Min: 0
Max: 295
Mean: 40.43103448275862
Std: 44.840630670414754

Total Service Time Statistics:
Min: 25
Max: 331
Mean: 130.17241379310346
Std: 75.75248893739331
