iteration: 14
System used: N_lift
Number of floors: 5
Number of passengers: 45
traffic: low
Waiting Time Statistics:
Min: 0
Max: 83
Mean: 18.6
Std: 15.950776555618626

Total Service Time Statistics:
Min: 14
Max: 174
Mean: 61.31111111111111
Std: 34.308640723334236
