iteration: 84
System used: N_lift
Number of floors: 40
Number of passengers: 189
traffic: low
Waiting Time Statistics:
Min: 0
Max: 268
Mean: 63.66137566137566
Std: 65.44854760194356

Total Service Time Statistics:
Min: 16
Max: 600
Mean: 162.47619047619048
Std: 95.48089769010451
