iteration: 5
System used: N_lift
Number of floors: 40
Number of passengers: 205
traffic: low
Waiting Time Statistics:
Min: 0
Max: 328
Mean: 68.31219512195122
Std: 76.22071985269952

Total Service Time Statistics:
Min: 14
Max: 637
Mean: 169.0390243902439
Std: 113.07401895992467
