iteration: 40
System used: N_lift
Number of floors: 40
Number of passengers: 194
traffic: low
Waiting Time Statistics:
Min: 0
Max: 428
Mean: 65.80927835051547
Std: 74.92047401358009

Total Service Time Statistics:
Min: 12
Max: 872
Mean: 170.2422680412371
Std: 120.71105425214184
