iteration: 15
System used: N_lift
Number of floors: 40
Number of passengers: 200
traffic: low
Waiting Time Statistics:
Min: 0
Max: 356
Mean: 68.425
Std: 81.65391099576628

Total Service Time Statistics:
Min: 19
Max: 528
Mean: 156.025
Std: 106.58454720792122
