iteration: 27
System used: N_lift
Number of floors: 5
Number of passengers: 41
traffic: low
Waiting Time Statistics:
Min: 0
Max: 57
Mean: 17.121951219512194
Std: 15.008656039018314

Total Service Time Statistics:
Min: 16
Max: 137
Mean: 56.51219512195122
Std: 26.666572662435936
