iteration: 6
System used: N_lift
Number of floors: 5
Number of passengers: 59
traffic: low
Waiting Time Statistics:
Min: 0
Max: 62
Mean: 15.135593220338983
Std: 12.883372908010145

Total Service Time Statistics:
Min: 18
Max: 111
Mean: 54.983050847457626
Std: 24.578860783779312
