iteration: 21
System used: N_lift
Number of floors: 5
Number of passengers: 41
traffic: low
Waiting Time Statistics:
Min: 0
Max: 70
Mean: 18.70731707317073
Std: 17.79921894696369

Total Service Time Statistics:
Min: 13
Max: 111
Mean: 59.36585365853659
Std: 25.763109379072407
