iteration: 30
System used: N_lift
Number of floors: 20
Number of passengers: 131
traffic: low
Waiting Time Statistics:
Min: 0
Max: 267
Mean: 48.81679389312977
Std: 56.97432640796913

Total Service Time Statistics:
Min: 10
Max: 394
Mean: 130.93129770992365
Std: 86.48238511971847
