iteration: 82
System used: N_lift
Number of floors: 5
Number of passengers: 49
traffic: low
Waiting Time Statistics:
Min: 0
Max: 117
Mean: 20.632653061224488
Std: 24.69791984961404

Total Service Time Statistics:
Min: 10
Max: 197
Mean: 64.08163265306122
Std: 34.726212922597504
