iteration: 86
System used: N_lift
Number of floors: 40
Number of passengers: 187
traffic: low
Waiting Time Statistics:
Min: 0
Max: 267
Mean: 56.35828877005348
Std: 56.25379292600033

Total Service Time Statistics:
Min: 13
Max: 565
Mean: 162.3957219251337
Std: 98.986224646522
