iteration: 75
System used: N_lift
Number of floors: 40
Number of passengers: 195
traffic: low
Waiting Time Statistics:
Min: 0
Max: 356
Mean: 66.75384615384615
Std: 72.7372826811112

Total Service Time Statistics:
Min: 9
Max: 552
Mean: 163.3897435897436
Std: 104.11032954998306
