iteration: 19
System used: N_lift
Number of floors: 5
Number of passengers: 52
traffic: low
Waiting Time Statistics:
Min: 0
Max: 71
Mean: 15.403846153846153
Std: 15.049278030216906

Total Service Time Statistics:
Min: 17
Max: 148
Mean: 69.07692307692308
Std: 33.849057190708415
