iteration: 68
System used: N_lift
Number of floors: 20
Number of passengers: 130
traffic: low
Waiting Time Statistics:
Min: 0
Max: 295
Mean: 36.73076923076923
Std: 39.217103621480774

Total Service Time Statistics:
Min: 15
Max: 525
Mean: 124.13076923076923
Std: 85.1388640850832
