iteration: 11
System used: N_lift
Number of floors: 5
Number of passengers: 41
traffic: low
Waiting Time Statistics:
Min: 0
Max: 62
Mean: 13.292682926829269
Std: 14.48834687333069

Total Service Time Statistics:
Min: 16
Max: 175
Mean: 63.65853658536585
Std: 37.2368162952323
