iteration: 36
System used: N_lift
Number of floors: 40
Number of passengers: 187
traffic: low
Waiting Time Statistics:
Min: 0
Max: 523
Mean: 77.96791443850267
Std: 99.55238010382638

Total Service Time Statistics:
Min: 7
Max: 687
Mean: 179.36363636363637
Std: 113.63839255275738
