iteration: 79
System used: N_lift
Number of floors: 20
Number of passengers: 141
traffic: low
Waiting Time Statistics:
Min: 0
Max: 416
Mean: 46.00709219858156
Std: 67.35741516650462

Total Service Time Statistics:
Min: 17
Max: 467
Mean: 125.73758865248227
Std: 92.9203687796377
