iteration: 91
System used: N_lift
Number of floors: 40
Number of passengers: 182
traffic: low
Waiting Time Statistics:
Min: 0
Max: 429
Mean: 62.214285714285715
Std: 77.829699442005

Total Service Time Statistics:
Min: 11
Max: 656
Mean: 157.96703296703296
Std: 94.08964228661524
