iteration: 85
System used: N_lift
Number of floors: 40
Number of passengers: 196
traffic: low
Waiting Time Statistics:
Min: 0
Max: 289
Mean: 65.66836734693878
Std: 68.06894859974422

Total Service Time Statistics:
Min: 14
Max: 515
Mean: 159.0
Std: 100.04106848997259
