iteration: 67
System used: N_lift
Number of floors: 40
Number of passengers: 181
traffic: low
Waiting Time Statistics:
Min: 0
Max: 344
Mean: 66.83977900552486
Std: 73.91963930855214

Total Service Time Statistics:
Min: 17
Max: 625
Mean: 184.8011049723757
Std: 121.16061057261064
