iteration: 32
System used: N_lift
Number of floors: 5
Number of passengers: 45
traffic: low
Waiting Time Statistics:
Min: 0
Max: 87
Mean: 15.177777777777777
Std: 16.290388812940215

Total Service Time Statistics:
Min: 16
Max: 133
Mean: 55.68888888888889
Std: 27.534129418383337
