iteration: 13
System used: N_lift
Number of floors: 5
Number of passengers: 51
traffic: low
Waiting Time Statistics:
Min: 0
Max: 116
Mean: 18.92156862745098
Std: 20.007841599987643

Total Service Time Statistics:
Min: 13
Max: 179
Mean: 61.294117647058826
Std: 32.14112264227686
