iteration: 73
System used: N_lift
Number of floors: 40
Number of passengers: 187
traffic: low
Waiting Time Statistics:
Min: 0
Max: 420
Mean: 63.31016042780749
Std: 67.0194968701408

Total Service Time Statistics:
Min: 18
Max: 625
Mean: 170.00534759358288
Std: 103.85579835988902
