iteration: 15
System used: N_lift
Number of floors: 20
Number of passengers: 135
traffic: low
Waiting Time Statistics:
Min: 0
Max: 260
Mean: 40.36296296296296
Std: 44.56332194526262

Total Service Time Statistics:
Min: 17
Max: 361
Mean: 130.21481481481482
Std: 68.49745448862079
