iteration: 91
System used: N_lift
Number of floors: 20
Number of passengers: 152
traffic: low
Waiting Time Statistics:
Min: 0
Max: 292
Mean: 43.64473684210526
Std: 56.517172903842884

Total Service Time Statistics:
Min: 14
Max: 490
Mean: 124.90789473684211
Std: 87.90658461901234
