iteration: 62
System used: N_lift
Number of floors: 5
Number of passengers: 51
traffic: low
Waiting Time Statistics:
Min: 0
Max: 117
Mean: 20.176470588235293
Std: 20.709134102953644

Total Service Time Statistics:
Min: 16
Max: 205
Mean: 62.254901960784316
Std: 33.284737125147856
