iteration: 58
System used: N_lift
Number of floors: 5
Number of passengers: 59
traffic: low
Waiting Time Statistics:
Min: 0
Max: 135
Mean: 22.728813559322035
Std: 28.695085791265527

Total Service Time Statistics:
Min: 19
Max: 248
Mean: 69.71186440677967
Std: 46.85526167320012
