iteration: 14
System used: N_lift
Number of floors: 20
Number of passengers: 114
traffic: low
Waiting Time Statistics:
Min: 0
Max: 227
Mean: 39.01754385964912
Std: 44.734216568160505

Total Service Time Statistics:
Min: 20
Max: 302
Mean: 123.48245614035088
Std: 71.99646407936773
