iteration: 0
System used: N_lift
Number of floors: 40
Number of passengers: 180
traffic: low
Waiting Time Statistics:
Min: 0
Max: 339
Mean: 70.69444444444444
Std: 78.2636353423994

Total Service Time Statistics:
Min: 18
Max: 758
Mean: 178.5888888888889
Std: 113.31425570617569
