iteration: 41
System used: N_lift
Number of floors: 5
Number of passengers: 48
traffic: low
Waiting Time Statistics:
Min: 0
Max: 134
Mean: 16.854166666666668
Std: 26.82011755518157

Total Service Time Statistics:
Min: 10
Max: 207
Mean: 51.5625
Std: 38.43419701255641
