iteration: 66
System used: N_lift
Number of floors: 20
Number of passengers: 123
traffic: low
Waiting Time Statistics:
Min: 0
Max: 251
Mean: 38.853658536585364
Std: 42.75122142379922

Total Service Time Statistics:
Min: 16
Max: 361
Mean: 133.869918699187
Std: 77.95647791142179
