iteration: 83
System used: N_lift
Number of floors: 40
Number of passengers: 181
traffic: low
Waiting Time Statistics:
Min: 0
Max: 353
Mean: 66.3646408839779
Std: 73.89857665527715

Total Service Time Statistics:
Min: 14
Max: 819
Mean: 175.646408839779
Std: 111.11458975524485
