iteration: 75
System used: N_lift
Number of floors: 5
Number of passengers: 46
traffic: low
Waiting Time Statistics:
Min: 0
Max: 70
Mean: 15.282608695652174
Std: 14.160450469103118

Total Service Time Statistics:
Min: 14
Max: 128
Mean: 53.5
Std: 23.634015034832036
