iteration: 93
System used: N_lift
Number of floors: 40
Number of passengers: 174
traffic: low
Waiting Time Statistics:
Min: 0
Max: 434
Mean: 64.07471264367815
Std: 72.06917152306522

Total Service Time Statistics:
Min: 6
Max: 691
Mean: 167.83333333333334
Std: 109.28501652204434
