iteration: 86
System used: N_lift
Number of floors: 20
Number of passengers: 139
traffic: low
Waiting Time Statistics:
Min: 0
Max: 316
Mean: 49.302158273381295
Std: 55.36004087555286

Total Service Time Statistics:
Min: 26
Max: 641
Mean: 132.74820143884892
Std: 90.38148565740822
