iteration: 10
System used: N_lift
Number of floors: 40
Number of passengers: 188
traffic: low
Waiting Time Statistics:
Min: 0
Max: 306
Mean: 71.65957446808511
Std: 75.54558112573787

Total Service Time Statistics:
Min: 9
Max: 657
Mean: 164.6755319148936
Std: 111.46480242148162
