iteration: 6
System used: N_lift
Number of floors: 40
Number of passengers: 180
traffic: low
Waiting Time Statistics:
Min: 0
Max: 458
Mean: 65.63333333333334
Std: 70.03964559667091

Total Service Time Statistics:
Min: 14
Max: 607
Mean: 168.36111111111111
Std: 107.42349565040671
