iteration: 16
System used: N_lift
Number of floors: 5
Number of passengers: 52
traffic: low
Waiting Time Statistics:
Min: 0
Max: 45
Mean: 14.673076923076923
Std: 11.956983608484821

Total Service Time Statistics:
Min: 16
Max: 111
Mean: 57.13461538461539
Std: 22.14039768507088
