iteration: 99
System used: N_lift
Number of floors: 20
Number of passengers: 134
traffic: low
Waiting Time Statistics:
Min: 0
Max: 317
Mean: 37.76119402985075
Std: 44.891042545470164

Total Service Time Statistics:
Min: 8
Max: 401
Mean: 125.64179104477611
Std: 75.09336574373883
