iteration: 94
System used: N_lift
Number of floors: 40
Number of passengers: 184
traffic: low
Waiting Time Statistics:
Min: 0
Max: 429
Mean: 58.27173913043478
Std: 71.14867113733868

Total Service Time Statistics:
Min: 10
Max: 1098
Mean: 182.2663043478261
Std: 131.17297533978393
