iteration: 92
System used: N_lift
Number of floors: 40
Number of passengers: 183
traffic: low
Waiting Time Statistics:
Min: 0
Max: 521
Mean: 61.86338797814208
Std: 68.99138283106124

Total Service Time Statistics:
Min: 9
Max: 885
Mean: 172.39344262295083
Std: 116.2001322116086
