iteration: 96
System used: N_lift
Number of floors: 5
Number of passengers: 47
traffic: low
Waiting Time Statistics:
Min: 0
Max: 87
Mean: 18.04255319148936
Std: 17.165381550501085

Total Service Time Statistics:
Min: 16
Max: 157
Mean: 64.65957446808511
Std: 33.59883318092064
