iteration: 3
System used: N_lift
Number of floors: 40
Number of passengers: 184
traffic: low
Waiting Time Statistics:
Min: 0
Max: 529
Mean: 66.72282608695652
Std: 78.60459476171002

Total Service Time Statistics:
Min: 13
Max: 1108
Mean: 170.6195652173913
Std: 125.6214142747967
