iteration: 10
System used: N_lift
Number of floors: 5
Number of passengers: 40
traffic: low
Waiting Time Statistics:
Min: 0
Max: 46
Mean: 15.15
Std: 12.990233017392484

Total Service Time Statistics:
Min: 16
Max: 132
Mean: 65.85
Std: 33.51964598062854
