iteration: 45
System used: N_lift
Number of floors: 20
Number of passengers: 150
traffic: low
Waiting Time Statistics:
Min: 0
Max: 202
Mean: 36.593333333333334
Std: 40.00236514260422

Total Service Time Statistics:
Min: 20
Max: 319
Mean: 123.91333333333333
Std: 69.45163317900037
