iteration: 77
System used: N_lift
Number of floors: 5
Number of passengers: 50
traffic: low
Waiting Time Statistics:
Min: 0
Max: 51
Mean: 17.04
Std: 12.904610788080232

Total Service Time Statistics:
Min: 16
Max: 133
Mean: 69.16
Std: 30.474720202629776
