iteration: 92
System used: N_lift
Number of floors: 5
Number of passengers: 49
traffic: low
Waiting Time Statistics:
Min: 0
Max: 116
Mean: 22.428571428571427
Std: 24.561148181630273

Total Service Time Statistics:
Min: 13
Max: 185
Mean: 67.0204081632653
Std: 39.28978333905561
