iteration: 9
System used: N_lift
Number of floors: 20
Number of passengers: 127
traffic: low
Waiting Time Statistics:
Min: 0
Max: 232
Mean: 39.68503937007874
Std: 43.6920501990199

Total Service Time Statistics:
Min: 24
Max: 414
Mean: 128.11811023622047
Std: 83.07919478379806
