iteration: 39
System used: N_lift
Number of floors: 5
Number of passengers: 51
traffic: low
Waiting Time Statistics:
Min: 0
Max: 119
Mean: 17.92156862745098
Std: 18.46926434621033

Total Service Time Statistics:
Min: 16
Max: 166
Mean: 62.490196078431374
Std: 34.38102531863738
