iteration: 72
System used: N_lift
Number of floors: 40
Number of passengers: 174
traffic: low
Waiting Time Statistics:
Min: 0
Max: 334
Mean: 62.701149425287355
Std: 71.89380655269619

Total Service Time Statistics:
Min: 13
Max: 627
Mean: 172.54597701149424
Std: 115.817155382231
