iteration: 89
System used: N_lift
Number of floors: 40
Number of passengers: 186
traffic: low
Waiting Time Statistics:
Min: 0
Max: 317
Mean: 69.04301075268818
Std: 77.70998252038667

Total Service Time Statistics:
Min: 12
Max: 470
Mean: 161.48387096774192
Std: 101.68255986987822
