iteration: 40
System used: N_lift
Number of floors: 20
Number of passengers: 128
traffic: low
Waiting Time Statistics:
Min: 0
Max: 261
Mean: 40.8515625
Std: 49.322830133139355

Total Service Time Statistics:
Min: 16
Max: 389
Mean: 134.171875
Std: 82.55736343824223
