iteration: 43
System used: N_lift
Number of floors: 40
Number of passengers: 177
traffic: low
Waiting Time Statistics:
Min: 0
Max: 307
Mean: 63.14124293785311
Std: 71.7400400485921

Total Service Time Statistics:
Min: 14
Max: 516
Mean: 177.70056497175142
Std: 97.44891231328664
