iteration: 37
System used: N_lift
Number of floors: 5
Number of passengers: 53
traffic: low
Waiting Time Statistics:
Min: 0
Max: 70
Mean: 16.867924528301888
Std: 14.998766277275886

Total Service Time Statistics:
Min: 19
Max: 136
Mean: 62.43396226415094
Std: 29.556666197168724
