iteration: 39
System used: N_lift
Number of floors: 20
Number of passengers: 124
traffic: low
Waiting Time Statistics:
Min: 0
Max: 261
Mean: 45.024193548387096
Std: 49.93645778804819

Total Service Time Statistics:
Min: 16
Max: 499
Mean: 133.2983870967742
Std: 84.46531782972572
