iteration: 28
System used: N_lift
Number of floors: 20
Number of passengers: 125
traffic: low
Waiting Time Statistics:
Min: 0
Max: 289
Mean: 47.296
Std: 53.448954243066524

Total Service Time Statistics:
Min: 15
Max: 409
Mean: 130.512
Std: 87.8048253505393
