iteration: 68
System used: N_lift
Number of floors: 40
Number of passengers: 192
traffic: low
Waiting Time Statistics:
Min: 0
Max: 364
Mean: 63.536458333333336
Std: 67.82691803721863

Total Service Time Statistics:
Min: 15
Max: 525
Mean: 166.74479166666666
Std: 101.85325895702009
