iteration: 82
System used: N_lift
Number of floors: 40
Number of passengers: 189
traffic: low
Waiting Time Statistics:
Min: 0
Max: 308
Mean: 63.783068783068785
Std: 70.45815514688623

Total Service Time Statistics:
Min: 10
Max: 560
Mean: 167.03174603174602
Std: 103.08811066896541
