iteration: 9
System used: N_lift
Number of floors: 5
Number of passengers: 39
traffic: low
Waiting Time Statistics:
Min: 0
Max: 52
Mean: 14.538461538461538
Std: 13.382718931215093

Total Service Time Statistics:
Min: 16
Max: 118
Mean: 59.43589743589744
Std: 27.62416454730481
