iteration: 32
System used: N_lift
Number of floors: 20
Number of passengers: 142
traffic: low
Waiting Time Statistics:
Min: 0
Max: 276
Mean: 39.45774647887324
Std: 47.863076462996474

Total Service Time Statistics:
Min: 13
Max: 454
Mean: 125.2605633802817
Std: 84.2086803006568
