iteration: 46
System used: N_lift
Number of floors: 20
Number of passengers: 117
traffic: low
Waiting Time Statistics:
Min: 0
Max: 226
Mean: 51.24786324786325
Std: 47.24640215875336

Total Service Time Statistics:
Min: 20
Max: 530
Mean: 153.67521367521368
Std: 98.68102821017698
