iteration: 82
System used: N_lift
Number of floors: 20
Number of passengers: 123
traffic: low
Waiting Time Statistics:
Min: 0
Max: 286
Mean: 47.75609756097561
Std: 49.31719705771759

Total Service Time Statistics:
Min: 10
Max: 406
Mean: 134.2439024390244
Std: 87.4217534416353
