iteration: 35
System used: N_lift
Number of floors: 5
Number of passengers: 44
traffic: low
Waiting Time Statistics:
Min: 0
Max: 69
Mean: 17.977272727272727
Std: 16.66703840318346

Total Service Time Statistics:
Min: 13
Max: 164
Mean: 66.02272727272727
Std: 38.79012619292988
