iteration: 31
System used: N_lift
Number of floors: 5
Number of passengers: 49
traffic: low
Waiting Time Statistics:
Min: 0
Max: 80
Mean: 15.959183673469388
Std: 15.561650490433031

Total Service Time Statistics:
Min: 13
Max: 146
Mean: 64.79591836734694
Std: 34.866997045819666
