iteration: 88
System used: N_lift
Number of floors: 5
Number of passengers: 40
traffic: low
Waiting Time Statistics:
Min: 0
Max: 107
Mean: 19.075
Std: 24.171807587586038

Total Service Time Statistics:
Min: 13
Max: 151
Mean: 60.875
Std: 33.914815989324545
