iteration: 49
System used: N_lift
Number of floors: 40
Number of passengers: 201
traffic: low
Waiting Time Statistics:
Min: 0
Max: 397
Mean: 57.318407960199
Std: 70.2864717385411

Total Service Time Statistics:
Min: 12
Max: 458
Mean: 160.9452736318408
Std: 93.78236502695883
