iteration: 76
System used: N_lift
Number of floors: 40
Number of passengers: 174
traffic: low
Waiting Time Statistics:
Min: 0
Max: 366
Mean: 68.51149425287356
Std: 77.87805336934298

Total Service Time Statistics:
Min: 13
Max: 906
Mean: 184.41954022988506
Std: 118.232512511645
