iteration: 89
System used: N_lift
Number of floors: 5
Number of passengers: 48
traffic: low
Waiting Time Statistics:
Min: 0
Max: 58
Mean: 13.583333333333334
Std: 12.222813224481808

Total Service Time Statistics:
Min: 19
Max: 132
Mean: 56.4375
Std: 28.95404006646072
