iteration: 29
System used: N_lift
Number of floors: 5
Number of passengers: 41
traffic: low
Waiting Time Statistics:
Min: 0
Max: 38
Mean: 15.24390243902439
Std: 11.512559419618382

Total Service Time Statistics:
Min: 16
Max: 108
Mean: 52.73170731707317
Std: 22.75854168245837
