iteration: 36
System used: N_lift
Number of floors: 20
Number of passengers: 144
traffic: low
Waiting Time Statistics:
Min: 0
Max: 335
Mean: 41.729166666666664
Std: 47.30339788058519

Total Service Time Statistics:
Min: 17
Max: 486
Mean: 132.48611111111111
Std: 76.55702989751383
