iteration: 27
System used: N_lift
Number of floors: 40
Number of passengers: 200
traffic: low
Waiting Time Statistics:
Min: 0
Max: 1233
Mean: 64.195
Std: 107.6117485086337

Total Service Time Statistics:
Min: 7
Max: 1452
Mean: 162.72
Std: 133.23011264189813
