iteration: 73
System used: N_lift
Number of floors: 5
Number of passengers: 56
traffic: low
Waiting Time Statistics:
Min: 0
Max: 60
Mean: 12.607142857142858
Std: 11.247106409979528

Total Service Time Statistics:
Min: 17
Max: 127
Mean: 59.160714285714285
Std: 29.23620220686195
