iteration: 34
System used: N_lift
Number of floors: 5
Number of passengers: 56
traffic: low
Waiting Time Statistics:
Min: 0
Max: 122
Mean: 29.964285714285715
Std: 29.894337734283873

Total Service Time Statistics:
Min: 16
Max: 185
Mean: 80.85714285714286
Std: 40.58993541683526
