iteration: 99
System used: N_lift
Number of floors: 40
Number of passengers: 175
traffic: low
Waiting Time Statistics:
Min: 0
Max: 316
Mean: 69.16571428571429
Std: 68.78812189822975

Total Service Time Statistics:
Min: 4
Max: 567
Mean: 171.88
Std: 107.33298921912426
