iteration: 96
System used: N_lift
Number of floors: 20
Number of passengers: 141
traffic: low
Waiting Time Statistics:
Min: 0
Max: 200
Mean: 44.45390070921986
Std: 44.30808942221741

Total Service Time Statistics:
Min: 13
Max: 394
Mean: 131.97163120567376
Std: 76.41698981457044
