iteration: 48
System used: N_lift
Number of floors: 40
Number of passengers: 192
traffic: low
Waiting Time Statistics:
Min: 0
Max: 1803
Mean: 76.41145833333333
Std: 145.1399125449955

Total Service Time Statistics:
Min: 12
Max: 2007
Mean: 172.3125
Std: 164.38062792706546
