iteration: 38
System used: N_lift
Number of floors: 5
Number of passengers: 49
traffic: low
Waiting Time Statistics:
Min: 0
Max: 97
Mean: 19.632653061224488
Std: 22.318428369801474

Total Service Time Statistics:
Min: 16
Max: 162
Mean: 65.81632653061224
Std: 36.417528671751235
