iteration: 20
System used: N_lift
Number of floors: 40
Number of passengers: 194
traffic: low
Waiting Time Statistics:
Min: 0
Max: 330
Mean: 62.52061855670103
Std: 68.26291817336018

Total Service Time Statistics:
Min: 9
Max: 473
Mean: 157.20618556701032
Std: 95.68340911669779
