iteration: 64
System used: N_lift
Number of floors: 5
Number of passengers: 47
traffic: low
Waiting Time Statistics:
Min: 0
Max: 97
Mean: 15.702127659574469
Std: 16.257325965501405

Total Service Time Statistics:
Min: 20
Max: 117
Mean: 56.0
Std: 26.492821012821402
