iteration: 78
System used: N_lift
Number of floors: 40
Number of passengers: 180
traffic: low
Waiting Time Statistics:
Min: 0
Max: 345
Mean: 64.36111111111111
Std: 66.16567692714864

Total Service Time Statistics:
Min: 16
Max: 501
Mean: 176.26666666666668
Std: 103.55181684040953
