iteration: 99
System used: N_lift
Number of floors: 5
Number of passengers: 37
traffic: low
Waiting Time Statistics:
Min: 0
Max: 44
Mean: 13.054054054054054
Std: 12.773553290438166

Total Service Time Statistics:
Min: 13
Max: 137
Mean: 58.270270270270274
Std: 29.87906053172118
