iteration: 33
System used: N_lift
Number of floors: 5
Number of passengers: 39
traffic: low
Waiting Time Statistics:
Min: 0
Max: 96
Mean: 17.564102564102566
Std: 18.116283561880646

Total Service Time Statistics:
Min: 16
Max: 178
Mean: 61.23076923076923
Std: 37.429555967430716
