iteration: 10
System used: N_lift
Number of floors: 20
Number of passengers: 129
traffic: low
Waiting Time Statistics:
Min: 0
Max: 252
Mean: 45.47286821705426
Std: 51.898500327469094

Total Service Time Statistics:
Min: 22
Max: 439
Mean: 133.63565891472868
Std: 79.33728808705118
