iteration: 85
System used: N_lift
Number of floors: 20
Number of passengers: 127
traffic: low
Waiting Time Statistics:
Min: 0
Max: 356
Mean: 41.07086614173228
Std: 49.60481625079959

Total Service Time Statistics:
Min: 27
Max: 439
Mean: 141.40944881889763
Std: 85.7746544066642
