iteration: 65
System used: N_lift
Number of floors: 5
Number of passengers: 42
traffic: low
Waiting Time Statistics:
Min: 0
Max: 92
Mean: 17.19047619047619
Std: 18.07739201894832

Total Service Time Statistics:
Min: 19
Max: 152
Mean: 68.26190476190476
Std: 36.782856242501914
