iteration: 13
System used: N_lift
Number of floors: 20
Number of passengers: 127
traffic: low
Waiting Time Statistics:
Min: 0
Max: 233
Mean: 43.44881889763779
Std: 45.821549768608875

Total Service Time Statistics:
Min: 15
Max: 418
Mean: 133.11811023622047
Std: 85.62919452576095
