iteration: 1
System used: N_lift
Number of floors: 40
Number of passengers: 166
traffic: low
Waiting Time Statistics:
Min: 0
Max: 388
Mean: 69.92168674698796
Std: 79.71357748793815

Total Service Time Statistics:
Min: 25
Max: 783
Mean: 183.42168674698794
Std: 118.27934274747221
