iteration: 94
System used: N_lift
Number of floors: 5
Number of passengers: 56
traffic: low
Waiting Time Statistics:
Min: 0
Max: 98
Mean: 17.321428571428573
Std: 22.004220374412593

Total Service Time Statistics:
Min: 16
Max: 176
Mean: 60.30357142857143
Std: 34.43830829065327
