iteration: 22
System used: N_lift
Number of floors: 5
Number of passengers: 52
traffic: low
Waiting Time Statistics:
Min: 0
Max: 183
Mean: 21.653846153846153
Std: 30.129709535303352

Total Service Time Statistics:
Min: 16
Max: 205
Mean: 66.21153846153847
Std: 40.26984301447246
