iteration: 52
System used: N_lift
Number of floors: 20
Number of passengers: 136
traffic: low
Waiting Time Statistics:
Min: 0
Max: 256
Mean: 43.0514705882353
Std: 44.206639329226476

Total Service Time Statistics:
Min: 16
Max: 357
Mean: 125.98529411764706
Std: 76.08348098261128
