iteration: 54
System used: N_lift
Number of floors: 5
Number of passengers: 47
traffic: low
Waiting Time Statistics:
Min: 0
Max: 62
Mean: 16.0
Std: 14.473363840847961

Total Service Time Statistics:
Min: 16
Max: 130
Mean: 64.95744680851064
Std: 31.0937974010535
