iteration: 34
System used: N_lift
Number of floors: 20
Number of passengers: 131
traffic: low
Waiting Time Statistics:
Min: 0
Max: 303
Mean: 38.6412213740458
Std: 46.23735897140554

Total Service Time Statistics:
Min: 16
Max: 447
Mean: 130.98473282442748
Std: 76.27964591229426
