iteration: 81
System used: N_lift
Number of floors: 20
Number of passengers: 122
traffic: low
Waiting Time Statistics:
Min: 0
Max: 190
Mean: 35.704918032786885
Std: 35.89509244400234

Total Service Time Statistics:
Min: 13
Max: 377
Mean: 124.6311475409836
Std: 68.46730544117204
