iteration: 33
System used: N_lift
Number of floors: 40
Number of passengers: 182
traffic: low
Waiting Time Statistics:
Min: 0
Max: 442
Mean: 71.28021978021978
Std: 82.24087746992522

Total Service Time Statistics:
Min: 16
Max: 561
Mean: 178.1978021978022
Std: 110.28809283216998
