iteration: 16
System used: N_lift
Number of floors: 40
Number of passengers: 166
traffic: low
Waiting Time Statistics:
Min: 0
Max: 410
Mean: 76.355421686747
Std: 85.88152622179429

Total Service Time Statistics:
Min: 10
Max: 582
Mean: 177.63855421686748
Std: 112.82693406283029
