iteration: 54
System used: N_lift
Number of floors: 40
Number of passengers: 187
traffic: low
Waiting Time Statistics:
Min: 0
Max: 388
Mean: 59.19251336898396
Std: 68.82223749455216

Total Service Time Statistics:
Min: 24
Max: 513
Mean: 153.25133689839572
Std: 95.0356239705507
