iteration: 53
System used: N_lift
Number of floors: 5
Number of passengers: 44
traffic: low
Waiting Time Statistics:
Min: 0
Max: 71
Mean: 15.772727272727273
Std: 17.106864712622915

Total Service Time Statistics:
Min: 13
Max: 135
Mean: 60.38636363636363
Std: 32.156749741091765
