iteration: 62
System used: N_lift
Number of floors: 40
Number of passengers: 194
traffic: low
Waiting Time Statistics:
Min: 0
Max: 322
Mean: 67.04123711340206
Std: 70.6037497757693

Total Service Time Statistics:
Min: 11
Max: 584
Mean: 159.39175257731958
Std: 94.92572025989976
