iteration: 55
System used: N_lift
Number of floors: 40
Number of passengers: 186
traffic: low
Waiting Time Statistics:
Min: 0
Max: 449
Mean: 67.48924731182795
Std: 75.61433006237475

Total Service Time Statistics:
Min: 14
Max: 596
Mean: 175.0215053763441
Std: 102.82469768464095
