iteration: 71
System used: N_lift
Number of floors: 40
Number of passengers: 173
traffic: low
Waiting Time Statistics:
Min: 0
Max: 301
Mean: 63.809248554913296
Std: 67.87851259497711

Total Service Time Statistics:
Min: 10
Max: 636
Mean: 178.97687861271677
Std: 116.38443483385416
