iteration: 42
System used: N_lift
Number of floors: 5
Number of passengers: 55
traffic: low
Waiting Time Statistics:
Min: 0
Max: 47
Mean: 18.21818181818182
Std: 12.692504217043355

Total Service Time Statistics:
Min: 17
Max: 132
Mean: 66.2
Std: 28.04586191170402
