iteration: 51
System used: N_lift
Number of floors: 20
Number of passengers: 141
traffic: low
Waiting Time Statistics:
Min: 0
Max: 274
Mean: 42.57446808510638
Std: 50.00474749497766

Total Service Time Statistics:
Min: 16
Max: 413
Mean: 137.93617021276594
Std: 78.95145097426804
