iteration: 8
System used: N_lift
Number of floors: 40
Number of passengers: 181
traffic: low
Waiting Time Statistics:
Min: 0
Max: 406
Mean: 65.69060773480663
Std: 78.77050611439218

Total Service Time Statistics:
Min: 8
Max: 636
Mean: 178.61878453038673
Std: 114.31201686934165
