iteration: 61
System used: N_lift
Number of floors: 40
Number of passengers: 187
traffic: low
Waiting Time Statistics:
Min: 0
Max: 332
Mean: 63.16577540106952
Std: 72.72299265768062

Total Service Time Statistics:
Min: 7
Max: 651
Mean: 165.6577540106952
Std: 105.02442358693106
