iteration: 95
System used: N_lift
Number of floors: 20
Number of passengers: 135
traffic: low
Waiting Time Statistics:
Min: 0
Max: 289
Mean: 35.837037037037035
Std: 47.43356822062208

Total Service Time Statistics:
Min: 13
Max: 582
Mean: 131.38518518518518
Std: 85.19888805114782
