iteration: 41
System used: N_lift
Number of floors: 20
Number of passengers: 127
traffic: low
Waiting Time Statistics:
Min: 0
Max: 332
Mean: 47.45669291338583
Std: 57.31100837570274

Total Service Time Statistics:
Min: 24
Max: 589
Mean: 142.70866141732284
Std: 96.53357917590871
