iteration: 28
System used: N_lift
Number of floors: 5
Number of passengers: 50
traffic: low
Waiting Time Statistics:
Min: 0
Max: 76
Mean: 16.76
Std: 15.705919851041738

Total Service Time Statistics:
Min: 21
Max: 131
Mean: 58.18
Std: 30.09352089736261
