iteration: 3
System used: N_lift
Number of floors: 5
Number of passengers: 43
traffic: low
Waiting Time Statistics:
Min: 0
Max: 50
Mean: 16.093023255813954
Std: 12.761202274842535

Total Service Time Statistics:
Min: 13
Max: 97
Mean: 54.41860465116279
Std: 22.04025814184184
