iteration: 96
System used: N_lift
Number of floors: 40
Number of passengers: 171
traffic: low
Waiting Time Statistics:
Min: 0
Max: 383
Mean: 66.7719298245614
Std: 71.09803113279405

Total Service Time Statistics:
Min: 7
Max: 590
Mean: 173.52631578947367
Std: 116.68390260415094
