iteration: 8
System used: N_lift
Number of floors: 20
Number of passengers: 161
traffic: low
Waiting Time Statistics:
Min: 0
Max: 232
Mean: 43.732919254658384
Std: 49.643574327899564

Total Service Time Statistics:
Min: 18
Max: 476
Mean: 126.67701863354037
Std: 86.3145122853388
