iteration: 80
System used: N_lift
Number of floors: 5
Number of passengers: 60
traffic: low
Waiting Time Statistics:
Min: 0
Max: 44
Mean: 13.833333333333334
Std: 11.216160657150272

Total Service Time Statistics:
Min: 16
Max: 134
Mean: 58.85
Std: 31.34165203913752
