iteration: 47
System used: N_lift
Number of floors: 5
Number of passengers: 56
traffic: low
Waiting Time Statistics:
Min: 0
Max: 80
Mean: 18.125
Std: 16.900847208457815

Total Service Time Statistics:
Min: 10
Max: 146
Mean: 60.035714285714285
Std: 30.074431475448186
