iteration: 64
System used: N_lift
Number of floors: 40
Number of passengers: 208
traffic: low
Waiting Time Statistics:
Min: 0
Max: 1212
Mean: 60.54326923076923
Std: 100.18580830817281

Total Service Time Statistics:
Min: 7
Max: 1340
Mean: 149.40384615384616
Std: 123.02370214508854
