iteration: 17
System used: N_lift
Number of floors: 20
Number of passengers: 137
traffic: low
Waiting Time Statistics:
Min: 0
Max: 347
Mean: 39.56934306569343
Std: 50.40990735087784

Total Service Time Statistics:
Min: 19
Max: 544
Mean: 121.13868613138686
Std: 77.44316535386298
