iteration: 11
System used: N_lift
Number of floors: 20
Number of passengers: 156
traffic: low
Waiting Time Statistics:
Min: 0
Max: 295
Mean: 39.19871794871795
Std: 50.40179462649665

Total Service Time Statistics:
Min: 13
Max: 397
Mean: 125.01923076923077
Std: 78.6587953086269
