iteration: 63
System used: N_lift
Number of floors: 20
Number of passengers: 123
traffic: low
Waiting Time Statistics:
Min: 0
Max: 230
Mean: 44.609756097560975
Std: 52.11362650951103

Total Service Time Statistics:
Min: 13
Max: 457
Mean: 133.54471544715446
Std: 94.32193319954979
