iteration: 23
System used: N_lift
Number of floors: 20
Number of passengers: 148
traffic: low
Waiting Time Statistics:
Min: 0
Max: 240
Mean: 40.608108108108105
Std: 39.10123528071753

Total Service Time Statistics:
Min: 11
Max: 528
Mean: 129.35135135135135
Std: 79.89362526951476
