iteration: 26
System used: N_lift
Number of floors: 40
Number of passengers: 161
traffic: low
Waiting Time Statistics:
Min: 0
Max: 419
Mean: 69.472049689441
Std: 74.10272111331348

Total Service Time Statistics:
Min: 9
Max: 589
Mean: 177.24223602484471
Std: 107.14235719345055
