iteration: 53
System used: N_lift
Number of floors: 40
Number of passengers: 209
traffic: low
Waiting Time Statistics:
Min: 0
Max: 306
Mean: 53.56459330143541
Std: 61.367092863296484

Total Service Time Statistics:
Min: 10
Max: 585
Mean: 156.63636363636363
Std: 99.59601966377538
