iteration: 65
System used: N_lift
Number of floors: 40
Number of passengers: 198
traffic: low
Waiting Time Statistics:
Min: 0
Max: 617
Mean: 65.13636363636364
Std: 87.7053013748189

Total Service Time Statistics:
Min: 12
Max: 869
Mean: 173.31313131313132
Std: 117.99119355116017
