iteration: 2
System used: N_lift
Number of floors: 40
Number of passengers: 178
traffic: low
Waiting Time Statistics:
Min: 0
Max: 356
Mean: 64.41011235955057
Std: 71.23332639865846

Total Service Time Statistics:
Min: 10
Max: 664
Mean: 179.24157303370785
Std: 116.64429032450838
