iteration: 84
System used: N_lift
Number of floors: 20
Number of passengers: 132
traffic: low
Waiting Time Statistics:
Min: 0
Max: 245
Mean: 35.56818181818182
Std: 42.589858876400704

Total Service Time Statistics:
Min: 6
Max: 388
Mean: 121.48484848484848
Std: 71.33529953339267
