iteration: 1
System used: N_lift
Number of floors: 20
Number of passengers: 141
traffic: low
Waiting Time Statistics:
Min: 0
Max: 288
Mean: 37.141843971631204
Std: 45.75487195921383

Total Service Time Statistics:
Min: 13
Max: 359
Mean: 130.4113475177305
Std: 76.68349337392219
