iteration: 37
System used: N_lift
Number of floors: 40
Number of passengers: 192
traffic: low
Waiting Time Statistics:
Min: 0
Max: 294
Mean: 56.552083333333336
Std: 64.68042580679253

Total Service Time Statistics:
Min: 7
Max: 493
Mean: 151.08333333333334
Std: 94.97132845559912
