iteration: 74
System used: N_lift
Number of floors: 20
Number of passengers: 120
traffic: low
Waiting Time Statistics:
Min: 0
Max: 447
Mean: 45.575
Std: 55.71139051947497

Total Service Time Statistics:
Min: 13
Max: 470
Mean: 136.075
Std: 81.30244009072473
