iteration: 89
System used: N_lift
Number of floors: 20
Number of passengers: 122
traffic: low
Waiting Time Statistics:
Min: 0
Max: 223
Mean: 38.91803278688525
Std: 41.242598166654176

Total Service Time Statistics:
Min: 13
Max: 487
Mean: 130.77868852459017
Std: 88.7425017011757
