iteration: 47
System used: N_lift
Number of floors: 40
Number of passengers: 187
traffic: low
Waiting Time Statistics:
Min: 0
Max: 345
Mean: 62.68983957219251
Std: 65.32606433236982

Total Service Time Statistics:
Min: 16
Max: 518
Mean: 172.0909090909091
Std: 99.56630293604312
