iteration: 20
System used: N_lift
Number of floors: 5
Number of passengers: 50
traffic: low
Waiting Time Statistics:
Min: 0
Max: 50
Mean: 17.0
Std: 14.910618049304492

Total Service Time Statistics:
Min: 13
Max: 139
Mean: 62.48
Std: 31.468961060131644
