iteration: 31
System used: N_lift
Number of floors: 40
Number of passengers: 192
traffic: low
Waiting Time Statistics:
Min: 0
Max: 331
Mean: 68.65104166666667
Std: 78.38285753230862

Total Service Time Statistics:
Min: 10
Max: 636
Mean: 168.90104166666666
Std: 111.86068185696934
