iteration: 22
System used: N_lift
Number of floors: 20
Number of passengers: 147
traffic: low
Waiting Time Statistics:
Min: 0
Max: 266
Mean: 44.85034013605442
Std: 54.604474920929

Total Service Time Statistics:
Min: 16
Max: 395
Mean: 131.1360544217687
Std: 75.92440720205407
