iteration: 27
System used: N_lift
Number of floors: 20
Number of passengers: 144
traffic: low
Waiting Time Statistics:
Min: 0
Max: 362
Mean: 37.923611111111114
Std: 53.58883610138267

Total Service Time Statistics:
Min: 10
Max: 499
Mean: 125.45138888888889
Std: 87.53163902398566
