iteration: 58
System used: N_lift
Number of floors: 40
Number of passengers: 187
traffic: low
Waiting Time Statistics:
Min: 0
Max: 284
Mean: 56.05882352941177
Std: 61.47804717645138

Total Service Time Statistics:
Min: 5
Max: 510
Mean: 158.25133689839572
Std: 97.11868327297385
