iteration: 61
System used: N_lift
Number of floors: 5
Number of passengers: 47
traffic: low
Waiting Time Statistics:
Min: 0
Max: 91
Mean: 18.425531914893618
Std: 20.363804932805426

Total Service Time Statistics:
Min: 19
Max: 128
Mean: 62.08510638297872
Std: 31.099300836006528
