iteration: 33
System used: N_lift
Number of floors: 20
Number of passengers: 122
traffic: low
Waiting Time Statistics:
Min: 0
Max: 283
Mean: 45.48360655737705
Std: 51.45811642066713

Total Service Time Statistics:
Min: 4
Max: 499
Mean: 141.81147540983608
Std: 91.86482451367958
