iteration: 56
System used: N_lift
Number of floors: 20
Number of passengers: 135
traffic: low
Waiting Time Statistics:
Min: 0
Max: 249
Mean: 45.007407407407406
Std: 48.412792237006194

Total Service Time Statistics:
Min: 19
Max: 433
Mean: 133.53333333333333
Std: 84.95774191000936
