iteration: 76
System used: N_lift
Number of floors: 5
Number of passengers: 49
traffic: low
Waiting Time Statistics:
Min: 0
Max: 77
Mean: 13.204081632653061
Std: 14.031184898641454

Total Service Time Statistics:
Min: 19
Max: 122
Mean: 48.48979591836735
Std: 23.4868069784042
