iteration: 24
System used: N_lift
Number of floors: 20
Number of passengers: 125
traffic: low
Waiting Time Statistics:
Min: 0
Max: 243
Mean: 46.928
Std: 54.19471703809062

Total Service Time Statistics:
Min: 16
Max: 468
Mean: 139.72
Std: 89.18227076810075
