iteration: 59
System used: N_lift
Number of floors: 5
Number of passengers: 39
traffic: low
Waiting Time Statistics:
Min: 0
Max: 45
Mean: 13.794871794871796
Std: 10.899491748603133

Total Service Time Statistics:
Min: 13
Max: 104
Mean: 47.717948717948715
Std: 22.084703825270843
