iteration: 14
System used: N_lift
Number of floors: 40
Number of passengers: 196
traffic: low
Waiting Time Statistics:
Min: 0
Max: 353
Mean: 67.42857142857143
Std: 73.42311520327809

Total Service Time Statistics:
Min: 4
Max: 551
Mean: 165.67857142857142
Std: 99.24511871998335
