iteration: 88
System used: N_lift
Number of floors: 20
Number of passengers: 148
traffic: low
Waiting Time Statistics:
Min: 0
Max: 249
Mean: 40.87162162162162
Std: 48.8737482788239

Total Service Time Statistics:
Min: 18
Max: 422
Mean: 125.38513513513513
Std: 74.731767384722
