iteration: 95
System used: N_lift
Number of floors: 5
Number of passengers: 46
traffic: low
Waiting Time Statistics:
Min: 0
Max: 101
Mean: 15.152173913043478
Std: 17.34226358582389

Total Service Time Statistics:
Min: 17
Max: 148
Mean: 60.34782608695652
Std: 30.15605145925982
