iteration: 35
System used: N_lift
Number of floors: 40
Number of passengers: 176
traffic: low
Waiting Time Statistics:
Min: 0
Max: 381
Mean: 63.97727272727273
Std: 74.36212204345163

Total Service Time Statistics:
Min: 23
Max: 581
Mean: 179.03977272727272
Std: 107.86665634916127
