iteration: 95
System used: N_lift
Number of floors: 40
Number of passengers: 174
traffic: low
Waiting Time Statistics:
Min: 0
Max: 356
Mean: 64.00574712643679
Std: 72.79724770304162

Total Service Time Statistics:
Min: 20
Max: 683
Mean: 170.72413793103448
Std: 116.44887137798416
