iteration: 21
System used: N_lift
Number of floors: 40
Number of passengers: 169
traffic: low
Waiting Time Statistics:
Min: 0
Max: 310
Mean: 64.07100591715977
Std: 62.37411836999774

Total Service Time Statistics:
Min: 10
Max: 449
Mean: 172.49704142011834
Std: 98.56204984559793
