iteration: 32
System used: N_lift
Number of floors: 40
Number of passengers: 196
traffic: low
Waiting Time Statistics:
Min: 0
Max: 314
Mean: 65.59183673469387
Std: 68.5146193248163

Total Service Time Statistics:
Min: 13
Max: 490
Mean: 153.8265306122449
Std: 98.98914993744275
