iteration: 59
System used: N_lift
Number of floors: 40
Number of passengers: 197
traffic: low
Waiting Time Statistics:
Min: 0
Max: 282
Mean: 64.73096446700508
Std: 70.75167630222806

Total Service Time Statistics:
Min: 9
Max: 515
Mean: 164.30964467005077
Std: 105.91381054257563
