iteration: 79
System used: N_lift
Number of floors: 40
Number of passengers: 187
traffic: low
Waiting Time Statistics:
Min: 0
Max: 346
Mean: 62.00534759358289
Std: 67.56545988224279

Total Service Time Statistics:
Min: 9
Max: 729
Mean: 171.93048128342247
Std: 112.17948598852128
