iteration: 78
System used: N_lift
Number of floors: 20
Number of passengers: 142
traffic: low
Waiting Time Statistics:
Min: 0
Max: 237
Mean: 37.225352112676056
Std: 40.179278094224266

Total Service Time Statistics:
Min: 19
Max: 420
Mean: 128.92957746478874
Std: 81.28154797341737
