iteration: 44
System used: N_lift
Number of floors: 40
Number of passengers: 219
traffic: low
Waiting Time Statistics:
Min: 0
Max: 305
Mean: 62.18721461187214
Std: 65.45287975949972

Total Service Time Statistics:
Min: 11
Max: 538
Mean: 160.90867579908675
Std: 106.28130782162565
