iteration: 80
System used: N_lift
Number of floors: 40
Number of passengers: 175
traffic: low
Waiting Time Statistics:
Min: 0
Max: 312
Mean: 69.37714285714286
Std: 78.31299963179835

Total Service Time Statistics:
Min: 10
Max: 497
Mean: 168.84
Std: 108.96244001183771
