iteration: 55
System used: N_lift
Number of floors: 20
Number of passengers: 134
traffic: low
Waiting Time Statistics:
Min: 0
Max: 647
Mean: 43.014925373134325
Std: 70.05207354990289

Total Service Time Statistics:
Min: 25
Max: 958
Mean: 130.5820895522388
Std: 101.70791871548414
