iteration: 74
System used: N_lift
Number of floors: 40
Number of passengers: 190
traffic: low
Waiting Time Statistics:
Min: 0
Max: 315
Mean: 65.06842105263158
Std: 74.21362381973202

Total Service Time Statistics:
Min: 19
Max: 543
Mean: 170.84736842105264
Std: 105.04064654647068
