iteration: 94
System used: N_lift
Number of floors: 20
Number of passengers: 141
traffic: low
Waiting Time Statistics:
Min: 0
Max: 165
Mean: 37.86524822695036
Std: 37.81368230419022

Total Service Time Statistics:
Min: 20
Max: 311
Mean: 128.17021276595744
Std: 68.04598838252264
