iteration: 5
System used: N_lift
Number of floors: 20
Number of passengers: 142
traffic: low
Waiting Time Statistics:
Min: 0
Max: 245
Mean: 36.7887323943662
Std: 42.56573239436043

Total Service Time Statistics:
Min: 20
Max: 321
Mean: 126.54225352112677
Std: 66.96644901871687
