iteration: 77
System used: N_lift
Number of floors: 40
Number of passengers: 213
traffic: low
Waiting Time Statistics:
Min: 0
Max: 394
Mean: 56.39906103286385
Std: 65.01085104681496

Total Service Time Statistics:
Min: 7
Max: 636
Mean: 151.2112676056338
Std: 96.18137085141434
