iteration: 19
System used: N_lift
Number of floors: 40
Number of passengers: 163
traffic: low
Waiting Time Statistics:
Min: 0
Max: 366
Mean: 66.22699386503068
Std: 76.04151729978202

Total Service Time Statistics:
Min: 14
Max: 522
Mean: 176.69325153374234
Std: 116.84511914392202
