iteration: 70
System used: N_lift
Number of floors: 5
Number of passengers: 56
traffic: low
Waiting Time Statistics:
Min: 0
Max: 109
Mean: 20.125
Std: 21.081713316607747

Total Service Time Statistics:
Min: 13
Max: 166
Mean: 63.160714285714285
Std: 39.73035330859737
