iteration: 60
System used: N_lift
Number of floors: 20
Number of passengers: 153
traffic: low
Waiting Time Statistics:
Min: 0
Max: 487
Mean: 41.4640522875817
Std: 56.15662145705467

Total Service Time Statistics:
Min: 18
Max: 636
Mean: 135.45751633986927
Std: 89.83632682537204
