iteration: 49
System used: N_lift
Number of floors: 20
Number of passengers: 123
traffic: low
Waiting Time Statistics:
Min: 0
Max: 309
Mean: 43.447154471544714
Std: 47.837704323591375

Total Service Time Statistics:
Min: 20
Max: 377
Mean: 138.09756097560975
Std: 78.45688119672585
