iteration: 7
System used: N_lift
Number of floors: 40
Number of passengers: 213
traffic: low
Waiting Time Statistics:
Min: 0
Max: 663
Mean: 58.14553990610329
Std: 73.22852857641317

Total Service Time Statistics:
Min: 9
Max: 670
Mean: 159.2112676056338
Std: 100.24355936017493
