iteration: 18
System used: N_lift
Number of floors: 5
Number of passengers: 33
traffic: low
Waiting Time Statistics:
Min: 0
Max: 77
Mean: 13.303030303030303
Std: 15.330698060763671

Total Service Time Statistics:
Min: 16
Max: 128
Mean: 47.75757575757576
Std: 25.645455619649148
