iteration: 92
System used: N_lift
Number of floors: 20
Number of passengers: 132
traffic: low
Waiting Time Statistics:
Min: 0
Max: 259
Mean: 34.25
Std: 41.423962346551896

Total Service Time Statistics:
Min: 13
Max: 359
Mean: 115.3030303030303
Std: 71.60365245001319
