iteration: 73
System used: N_lift
Number of floors: 20
Number of passengers: 130
traffic: low
Waiting Time Statistics:
Min: 0
Max: 255
Mean: 47.33846153846154
Std: 52.1260478631542

Total Service Time Statistics:
Min: 19
Max: 483
Mean: 132.33076923076922
Std: 89.13132793557345
