iteration: 60
System used: N_lift
Number of floors: 40
Number of passengers: 796
traffic: moderate
Waiting Time Statistics:
Min: 0
Max: 4869
Mean: 808.0640703517588
Std: 928.5885845797584

Total Service Time Statistics:
Min: 14
Max: 4922
Mean: 956.0791457286432
Std: 920.8423229115728
