iteration: 26
System used: N_lift
Number of floors: 5
Number of passengers: 123
traffic: moderate
Waiting Time Statistics:
Min: 0
Max: 49
Mean: 13.772357723577235
Std: 10.004763626155654

Total Service Time Statistics:
Min: 8
Max: 92
Mean: 36.71544715447155
Std: 15.773249987471395
