iteration: 4
System used: N_lift
Number of floors: 5
Number of passengers: 124
traffic: moderate
Waiting Time Statistics:
Min: 0
Max: 52
Mean: 13.153225806451612
Std: 10.980429267926938

Total Service Time Statistics:
Min: 8
Max: 95
Mean: 36.016129032258064
Std: 17.573994030800097
