iteration: 65
System used: N_lift
Number of floors: 5
Number of passengers: 143
traffic: moderate
Waiting Time Statistics:
Min: 0
Max: 94
Mean: 14.237762237762238
Std: 13.406934322017916

Total Service Time Statistics:
Min: 7
Max: 136
Mean: 36.29370629370629
Std: 18.267122844381394
