iteration: 87
System used: N_lift
Number of floors: 5
Number of passengers: 130
traffic: moderate
Waiting Time Statistics:
Min: 0
Max: 52
Mean: 12.153846153846153
Std: 11.067419563299358

Total Service Time Statistics:
Min: 7
Max: 108
Mean: 33.51538461538462
Std: 17.46901337069435
