iteration: 63
System used: N_lift
Number of floors: 40
Number of passengers: 782
traffic: moderate
Waiting Time Statistics:
Min: 0
Max: 4604
Mean: 787.3734015345268
Std: 972.9590365319646

Total Service Time Statistics:
Min: 23
Max: 4632
Mean: 933.4884910485933
Std: 963.8224645365054
