iteration: 9
System used: N_lift
Number of floors: 5
Number of passengers: 143
traffic: moderate
Waiting Time Statistics:
Min: 0
Max: 75
Mean: 13.027972027972028
Std: 11.77066301574376

Total Service Time Statistics:
Min: 9
Max: 94
Mean: 34.88111888111888
Std: 16.130842433441856
