iteration: 53
System used: N_lift
Number of floors: 40
Number of passengers: 785
traffic: moderate
Waiting Time Statistics:
Min: 0
Max: 4546
Mean: 848.4700636942675
Std: 1013.492967079452

Total Service Time Statistics:
Min: 17
Max: 4710
Mean: 990.3745222929937
Std: 1002.2969397700999
