iteration: 64
System used: N_lift
Number of floors: 40
Number of passengers: 698
traffic: moderate
Waiting Time Statistics:
Min: 0
Max: 3931
Mean: 564.4383954154728
Std: 634.217747990842

Total Service Time Statistics:
Min: 32
Max: 3987
Mean: 712.1704871060172
Std: 632.573453934575
