iteration: 51
System used: N_lift
Number of floors: 20
Number of passengers: 280
traffic: moderate
Waiting Time Statistics:
Min: 0
Max: 170
Mean: 25.289285714285715
Std: 25.213608422183025

Total Service Time Statistics:
Min: 4
Max: 187
Mean: 56.25
Std: 35.60901279331814
