iteration: 27
System used: N_lift
Number of floors: 40
Number of passengers: 754
traffic: moderate
Waiting Time Statistics:
Min: 0
Max: 4316
Mean: 708.473474801061
Std: 887.8765691718213

Total Service Time Statistics:
Min: 14
Max: 4484
Mean: 852.5716180371353
Std: 878.6274463156486
