iteration: 18
System used: N_lift
Number of floors: 20
Number of passengers: 291
traffic: moderate
Waiting Time Statistics:
Min: 0
Max: 212
Mean: 24.06529209621993
Std: 25.819249665248883

Total Service Time Statistics:
Min: 7
Max: 268
Mean: 57.04123711340206
Std: 35.17373163434557
