iteration: 99
System used: N_lift
Number of floors: 20
Number of passengers: 248
traffic: moderate
Waiting Time Statistics:
Min: 0
Max: 175
Mean: 28.995967741935484
Std: 31.847243950424055

Total Service Time Statistics:
Min: 4
Max: 215
Mean: 62.16129032258065
Std: 41.158995966077875
