iteration: 93
System used: N_lift
Number of floors: 40
Number of passengers: 795
traffic: moderate
Waiting Time Statistics:
Min: 0
Max: 4975
Mean: 839.2188679245284
Std: 1075.0644347843822

Total Service Time Statistics:
Min: 13
Max: 4995
Mean: 985.0767295597484
Std: 1068.3205246907114
