iteration: 83
System used: N_lift
Number of floors: 5
Number of passengers: 135
traffic: moderate
Waiting Time Statistics:
Min: 0
Max: 48
Mean: 12.562962962962963
Std: 9.799944720684335

Total Service Time Statistics:
Min: 9
Max: 98
Mean: 35.20740740740741
Std: 15.942572451227289
