iteration: 83
System used: N_lift
Number of floors: 20
Number of passengers: 296
traffic: moderate
Waiting Time Statistics:
Min: 0
Max: 163
Mean: 28.027027027027028
Std: 28.91623107540204

Total Service Time Statistics:
Min: 7
Max: 196
Mean: 58.070945945945944
Std: 35.88227030849614
