iteration: 19
System used: N_lift
Number of floors: 20
Number of passengers: 288
traffic: moderate
Waiting Time Statistics:
Min: 0
Max: 238
Mean: 25.57986111111111
Std: 27.55192520603669

Total Service Time Statistics:
Min: 5
Max: 243
Mean: 57.482638888888886
Std: 38.571708557256564
