iteration: 62
System used: N_lift
Number of floors: 20
Number of passengers: 289
traffic: moderate
Waiting Time Statistics:
Min: 0
Max: 154
Mean: 28.041522491349482
Std: 26.854772861667428

Total Service Time Statistics:
Min: 9
Max: 184
Mean: 59.77508650519031
Std: 34.301278554828876
