iteration: 61
System used: N_lift
Number of floors: 5
Number of passengers: 151
traffic: moderate
Waiting Time Statistics:
Min: 0
Max: 53
Mean: 13.079470198675496
Std: 11.168123195839097

Total Service Time Statistics:
Min: 4
Max: 92
Mean: 33.95364238410596
Std: 16.30064937289079
