iteration: 27
System used: N_lift
Number of floors: 5
Number of passengers: 136
traffic: moderate
Waiting Time Statistics:
Min: 0
Max: 70
Mean: 12.5
Std: 11.360751148875089

Total Service Time Statistics:
Min: 4
Max: 120
Mean: 34.169117647058826
Std: 16.992615017754396
