iteration: 12
System used: N_lift
Number of floors: 5
Number of passengers: 128
traffic: moderate
Waiting Time Statistics:
Min: 0
Max: 61
Mean: 13.0625
Std: 11.596734539020195

Total Service Time Statistics:
Min: 8
Max: 86
Mean: 34.6875
Std: 16.468414052886903
