iteration: 13
System used: N_lift
Number of floors: 20
Number of passengers: 275
traffic: moderate
Waiting Time Statistics:
Min: 0
Max: 245
Mean: 26.774545454545454
Std: 31.099441508010273

Total Service Time Statistics:
Min: 8
Max: 283
Mean: 60.414545454545454
Std: 42.07920676144212
