iteration: 89
System used: N_lift
Number of floors: 20
Number of passengers: 279
traffic: moderate
Waiting Time Statistics:
Min: 0
Max: 232
Mean: 29.200716845878137
Std: 31.119447287577

Total Service Time Statistics:
Min: 4
Max: 298
Mean: 61.68458781362007
Std: 43.3078425004262
