iteration: 94
System used: N_lift
Number of floors: 5
Number of passengers: 139
traffic: moderate
Waiting Time Statistics:
Min: 0
Max: 62
Mean: 12.20863309352518
Std: 10.665856957589785

Total Service Time Statistics:
Min: 4
Max: 79
Mean: 34.1294964028777
Std: 14.836224046146334
