iteration: 33
System used: N_lift
Number of floors: 20
Number of passengers: 279
traffic: moderate
Waiting Time Statistics:
Min: 0
Max: 156
Mean: 24.333333333333332
Std: 25.180213769299616

Total Service Time Statistics:
Min: 6
Max: 205
Mean: 56.82078853046595
Std: 33.669416957008686
