iteration: 32
System used: N_lift
Number of floors: 5
Number of passengers: 124
traffic: moderate
Waiting Time Statistics:
Min: 0
Max: 40
Mean: 12.338709677419354
Std: 8.895862833773009

Total Service Time Statistics:
Min: 10
Max: 84
Mean: 34.66935483870968
Std: 14.46145523055204
