iteration: 8
System used: N_lift
Number of floors: 5
Number of passengers: 137
traffic: moderate
Waiting Time Statistics:
Min: 0
Max: 45
Mean: 13.912408759124087
Std: 10.688417626622716

Total Service Time Statistics:
Min: 8
Max: 89
Mean: 35.043795620437955
Std: 16.37109567874514
