iteration: 23
System used: N_lift
Number of floors: 40
Number of passengers: 775
traffic: moderate
Waiting Time Statistics:
Min: 0
Max: 4852
Mean: 823.3470967741936
Std: 1014.3191831016352

Total Service Time Statistics:
Min: 20
Max: 4910
Mean: 970.7806451612903
Std: 1002.7526138257964
