iteration: 79
System used: N_lift
Number of floors: 5
Number of passengers: 122
traffic: moderate
Waiting Time Statistics:
Min: 0
Max: 47
Mean: 13.081967213114755
Std: 11.142643990828844

Total Service Time Statistics:
Min: 10
Max: 73
Mean: 35.58196721311475
Std: 14.539112346825952
