iteration: 85
System used: N_lift
Number of floors: 40
Number of passengers: 770
traffic: moderate
Waiting Time Statistics:
Min: 0
Max: 4698
Mean: 782.6597402597403
Std: 895.3977219267771

Total Service Time Statistics:
Min: 19
Max: 4821
Mean: 931.5597402597402
Std: 890.8009033180973
