iteration: 69
System used: N_lift
Number of floors: 40
Number of passengers: 770
traffic: moderate
Waiting Time Statistics:
Min: 0
Max: 4028
Mean: 749.0168831168832
Std: 754.5291824050317

Total Service Time Statistics:
Min: 12
Max: 4056
Mean: 892.025974025974
Std: 755.5871144288544
