iteration: 14
System used: N_lift
Number of floors: 20
Number of passengers: 284
traffic: moderate
Waiting Time Statistics:
Min: 0
Max: 151
Mean: 25.95774647887324
Std: 27.64294636882317

Total Service Time Statistics:
Min: 8
Max: 185
Mean: 57.79225352112676
Std: 37.68761045997544
