iteration: 33
System used: N_lift
Number of floors: 40
Number of passengers: 762
traffic: moderate
Waiting Time Statistics:
Min: 0
Max: 4617
Mean: 725.1496062992126
Std: 913.4219346373208

Total Service Time Statistics:
Min: 28
Max: 4693
Mean: 871.489501312336
Std: 904.7764640812313
