iteration: 40
System used: N_lift
Number of floors: 20
Number of passengers: 274
traffic: moderate
Waiting Time Statistics:
Min: 0
Max: 201
Mean: 25.71167883211679
Std: 28.239829938818616

Total Service Time Statistics:
Min: 4
Max: 208
Mean: 55.948905109489054
Std: 36.160472858241526
