iteration: 2
System used: N_lift
Number of floors: 40
Number of passengers: 746
traffic: moderate
Waiting Time Statistics:
Min: 0
Max: 4690
Mean: 722.5455764075067
Std: 851.9983780354493

Total Service Time Statistics:
Min: 28
Max: 4792
Mean: 866.1702412868633
Std: 838.0423203577167
