iteration: 55
System used: N_lift
Number of floors: 20
Number of passengers: 295
traffic: moderate
Waiting Time Statistics:
Min: 0
Max: 357
Mean: 25.484745762711864
Std: 31.095840511699006

Total Service Time Statistics:
Min: 7
Max: 409
Mean: 56.58305084745763
Std: 38.53692086262517
