iteration: 94
System used: N_lift
Number of floors: 40
Number of passengers: 780
traffic: moderate
Waiting Time Statistics:
Min: 0
Max: 4111
Mean: 769.1320512820513
Std: 881.4610969673612

Total Service Time Statistics:
Min: 15
Max: 4241
Mean: 909.6192307692307
Std: 872.5874526549519
