iteration: 42
System used: N_lift
Number of floors: 5
Number of passengers: 137
traffic: moderate
Waiting Time Statistics:
Min: 0
Max: 57
Mean: 12.802919708029197
Std: 10.461300824564564

Total Service Time Statistics:
Min: 13
Max: 119
Mean: 34.7956204379562
Std: 14.92143084042082
