iteration: 0
System used: N_lift
Number of floors: 20
Number of passengers: 285
traffic: moderate
Waiting Time Statistics:
Min: 0
Max: 180
Mean: 27.178947368421053
Std: 27.65455121880334

Total Service Time Statistics:
Min: 8
Max: 254
Mean: 59.14385964912281
Std: 36.38299313245142
