iteration: 78
System used: N_lift
Number of floors: 5
Number of passengers: 141
traffic: moderate
Waiting Time Statistics:
Min: 0
Max: 43
Mean: 11.28368794326241
Std: 8.748327383918067

Total Service Time Statistics:
Min: 4
Max: 84
Mean: 31.49645390070922
Std: 13.55023674725974
