iteration: 99
System used: N_lift
Number of floors: 5
Number of passengers: 114
traffic: moderate
Waiting Time Statistics:
Min: 0
Max: 57
Mean: 13.219298245614034
Std: 10.552656648211443

Total Service Time Statistics:
Min: 10
Max: 97
Mean: 36.14035087719298
Std: 16.80490720207898
