iteration: 31
System used: N_lift
Number of floors: 40
Number of passengers: 803
traffic: moderate
Waiting Time Statistics:
Min: 0
Max: 4873
Mean: 795.6911581569116
Std: 941.0028034330485

Total Service Time Statistics:
Min: 24
Max: 4927
Mean: 941.7422166874221
Std: 931.9453533841628
