iteration: 39
System used: N_lift
Number of floors: 20
Number of passengers: 319
traffic: moderate
Waiting Time Statistics:
Min: 0
Max: 225
Mean: 28.952978056426332
Std: 31.462381184241853

Total Service Time Statistics:
Min: 7
Max: 299
Mean: 61.06583072100314
Std: 43.62301400409471
