iteration: 59
System used: N_lift
Number of floors: 5
Number of passengers: 141
traffic: moderate
Waiting Time Statistics:
Min: 0
Max: 64
Mean: 12.822695035460994
Std: 10.217830135841158

Total Service Time Statistics:
Min: 7
Max: 111
Mean: 35.01418439716312
Std: 16.11298758127512
