iteration: 6
System used: N_lift
Number of floors: 40
Number of passengers: 798
traffic: moderate
Waiting Time Statistics:
Min: 0
Max: 4696
Mean: 818.1365914786967
Std: 963.8494692570582

Total Service Time Statistics:
Min: 14
Max: 4752
Mean: 966.9812030075188
Std: 948.9620352992016
