iteration: 50
System used: N_lift
Number of floors: 5
Number of passengers: 162
traffic: moderate
Waiting Time Statistics:
Min: 0
Max: 66
Mean: 14.61111111111111
Std: 12.367182580076358

Total Service Time Statistics:
Min: 6
Max: 81
Mean: 36.18518518518518
Std: 17.401442869505065
