iteration: 37
System used: N_lift
Number of floors: 20
Number of passengers: 278
traffic: moderate
Waiting Time Statistics:
Min: 0
Max: 206
Mean: 25.5431654676259
Std: 29.24211035651301

Total Service Time Statistics:
Min: 7
Max: 312
Mean: 56.219424460431654
Std: 39.02908362517146
