iteration: 53
System used: N_lift
Number of floors: 5
Number of passengers: 121
traffic: moderate
Waiting Time Statistics:
Min: 0
Max: 60
Mean: 14.322314049586776
Std: 11.679907873518706

Total Service Time Statistics:
Min: 5
Max: 119
Mean: 35.429752066115704
Std: 17.8660881963013
