iteration: 8
System used: N_lift
Number of floors: 20
Number of passengers: 317
traffic: moderate
Waiting Time Statistics:
Min: 0
Max: 173
Mean: 27.460567823343847
Std: 27.401651357991376

Total Service Time Statistics:
Min: 7
Max: 246
Mean: 58.79495268138801
Std: 35.71448275197927
