iteration: 82
System used: N_lift
Number of floors: 20
Number of passengers: 293
traffic: moderate
Waiting Time Statistics:
Min: 0
Max: 143
Mean: 26.761092150170647
Std: 27.673319110362332

Total Service Time Statistics:
Min: 7
Max: 199
Mean: 56.50170648464164
Std: 35.79982633437051
