iteration: 58
System used: N_lift
Number of floors: 20
Number of passengers: 280
traffic: moderate
Waiting Time Statistics:
Min: 0
Max: 217
Mean: 27.40714285714286
Std: 30.95039305917056

Total Service Time Statistics:
Min: 5
Max: 270
Mean: 61.26428571428571
Std: 41.61560065799796
