iteration: 29
System used: N_lift
Number of floors: 20
Number of passengers: 308
traffic: moderate
Waiting Time Statistics:
Min: 0
Max: 193
Mean: 30.34090909090909
Std: 33.5416122781795

Total Service Time Statistics:
Min: 4
Max: 240
Mean: 63.077922077922075
Std: 43.56881299019995
