iteration: 87
System used: N_lift
Number of floors: 20
Number of passengers: 311
traffic: moderate
Waiting Time Statistics:
Min: 0
Max: 172
Mean: 27.39871382636656
Std: 27.903783966171034

Total Service Time Statistics:
Min: 4
Max: 220
Mean: 60.07395498392283
Std: 37.30689199647536
