iteration: 6
System used: N_lift
Number of floors: 20
Number of passengers: 287
traffic: moderate
Waiting Time Statistics:
Min: 0
Max: 177
Mean: 25.43554006968641
Std: 27.22173632028679

Total Service Time Statistics:
Min: 7
Max: 188
Mean: 58.18815331010453
Std: 36.94201843833242
