iteration: 92
System used: N_lift
Number of floors: 40
Number of passengers: 780
traffic: moderate
Waiting Time Statistics:
Min: 0
Max: 4831
Mean: 762.9320512820512
Std: 898.7652258472133

Total Service Time Statistics:
Min: 18
Max: 4874
Mean: 909.126923076923
Std: 886.8780023535122
