iteration: 24
System used: N_lift
Number of floors: 40
Number of passengers: 709
traffic: moderate
Waiting Time Statistics:
Min: 0
Max: 4188
Mean: 604.7658674188999
Std: 763.9799272790476

Total Service Time Statistics:
Min: 12
Max: 4308
Mean: 744.5571227080395
Std: 756.9389169025814
