iteration: 13
System used: N_lift
Number of floors: 40
Number of passengers: 782
traffic: moderate
Waiting Time Statistics:
Min: 0
Max: 4197
Mean: 769.1675191815857
Std: 909.5063223477385

Total Service Time Statistics:
Min: 14
Max: 4375
Mean: 915.1496163682865
Std: 899.6625455670251
