iteration: 5
System used: N_lift
Number of floors: 40
Number of passengers: 754
traffic: moderate
Waiting Time Statistics:
Min: 0
Max: 4801
Mean: 763.5689655172414
Std: 941.6276468878361

Total Service Time Statistics:
Min: 18
Max: 4832
Mean: 907.7214854111406
Std: 938.3240275936364
