iteration: 21
System used: N_lift
Number of floors: 5
Number of passengers: 149
traffic: moderate
Waiting Time Statistics:
Min: 0
Max: 75
Mean: 13.724832214765101
Std: 11.452521887034719

Total Service Time Statistics:
Min: 7
Max: 100
Mean: 37.40939597315436
Std: 19.005338305122216
