iteration: 73
System used: N_lift
Number of floors: 40
Number of passengers: 802
traffic: moderate
Waiting Time Statistics:
Min: 0
Max: 4968
Mean: 814.1321695760598
Std: 996.630224923463

Total Service Time Statistics:
Min: 7
Max: 5088
Mean: 958.001246882793
Std: 982.5883174028534
