iteration: 10
System used: N_lift
Number of floors: 5
Number of passengers: 141
traffic: moderate
Waiting Time Statistics:
Min: 0
Max: 63
Mean: 13.957446808510639
Std: 13.0564009153833

Total Service Time Statistics:
Min: 8
Max: 86
Mean: 37.52482269503546
Std: 17.76174925438036
