iteration: 14
System used: N_lift
Number of floors: 5
Number of passengers: 144
traffic: moderate
Waiting Time Statistics:
Min: 0
Max: 83
Mean: 13.604166666666666
Std: 12.690075826232263

Total Service Time Statistics:
Min: 10
Max: 100
Mean: 37.486111111111114
Std: 17.31323359450965
