iteration: 6
System used: N_lift
Number of floors: 5
Number of passengers: 137
traffic: moderate
Waiting Time Statistics:
Min: 0
Max: 91
Mean: 13.72992700729927
Std: 12.188774759658648

Total Service Time Statistics:
Min: 7
Max: 99
Mean: 35.197080291970806
Std: 17.933635591543354
