iteration: 21
System used: N_lift
Number of floors: 40
Number of passengers: 795
traffic: moderate
Waiting Time Statistics:
Min: 0
Max: 4977
Mean: 823.5396226415095
Std: 972.8685994085854

Total Service Time Statistics:
Min: 14
Max: 5134
Mean: 974.2905660377359
Std: 962.4776368099422
