iteration: 16
System used: N_lift
Number of floors: 40
Number of passengers: 779
traffic: moderate
Waiting Time Statistics:
Min: 0
Max: 4822
Mean: 787.1976893453145
Std: 966.7138087966092

Total Service Time Statistics:
Min: 22
Max: 4873
Mean: 933.5083440308088
Std: 952.6440911434039
