iteration: 42
System used: N_lift
Number of floors: 40
Number of passengers: 773
traffic: moderate
Waiting Time Statistics:
Min: 0
Max: 5058
Mean: 808.3260025873221
Std: 965.8727213209313

Total Service Time Statistics:
Min: 11
Max: 5137
Mean: 953.9404915912031
Std: 952.7437126249588
