iteration: 30
System used: N_lift
Number of floors: 20
Number of passengers: 293
traffic: moderate
Waiting Time Statistics:
Min: 0
Max: 206
Mean: 26.017064846416382
Std: 27.45599933665769

Total Service Time Statistics:
Min: 4
Max: 227
Mean: 59.21160409556314
Std: 38.92603103684062
