iteration: 83
System used: N_lift
Number of floors: 40
Number of passengers: 787
traffic: moderate
Waiting Time Statistics:
Min: 0
Max: 4729
Mean: 761.304955527319
Std: 876.9157340324851

Total Service Time Statistics:
Min: 10
Max: 4853
Mean: 904.6226175349428
Std: 873.5846779004031
