iteration: 71
System used: N_lift
Number of floors: 40
Number of passengers: 801
traffic: moderate
Waiting Time Statistics:
Min: 0
Max: 4572
Mean: 872.5156054931335
Std: 986.4104660680888

Total Service Time Statistics:
Min: 17
Max: 4692
Mean: 1016.5031210986267
Std: 983.6914710938316
