iteration: 66
System used: N_lift
Number of floors: 5
Number of passengers: 132
traffic: moderate
Waiting Time Statistics:
Min: 0
Max: 67
Mean: 13.265151515151516
Std: 11.290649950855167

Total Service Time Statistics:
Min: 11
Max: 91
Mean: 35.90151515151515
Std: 15.194343990111749
