iteration: 16
System used: N_lift
Number of floors: 5
Number of passengers: 144
traffic: moderate
Waiting Time Statistics:
Min: 0
Max: 65
Mean: 12.805555555555555
Std: 10.830078406484336

Total Service Time Statistics:
Min: 7
Max: 92
Mean: 35.34722222222222
Std: 16.551390385660163
