iteration: 11
System used: N_lift
Number of floors: 20
Number of passengers: 302
traffic: moderate
Waiting Time Statistics:
Min: 0
Max: 164
Mean: 28.25496688741722
Std: 29.742268743303693

Total Service Time Statistics:
Min: 6
Max: 238
Mean: 61.711920529801326
Std: 39.87413491020862
