iteration: 67
System used: N_lift
Number of floors: 5
Number of passengers: 139
traffic: moderate
Waiting Time Statistics:
Min: 0
Max: 40
Mean: 12.971223021582734
Std: 9.141355658543645

Total Service Time Statistics:
Min: 5
Max: 86
Mean: 35.63309352517986
Std: 16.486772864669106
