iteration: 20
System used: N_lift
Number of floors: 40
Number of passengers: 740
traffic: moderate
Waiting Time Statistics:
Min: 0
Max: 4508
Mean: 642.0756756756757
Std: 809.7822137947326

Total Service Time Statistics:
Min: 20
Max: 4587
Mean: 791.4027027027028
Std: 800.9760334849684
