iteration: 96
System used: N_lift
Number of floors: 5
Number of passengers: 148
traffic: moderate
Waiting Time Statistics:
Min: 0
Max: 53
Mean: 12.85135135135135
Std: 10.401049701646492

Total Service Time Statistics:
Min: 10
Max: 97
Mean: 35.351351351351354
Std: 15.757889661905903
