iteration: 16
System used: N_lift
Number of floors: 20
Number of passengers: 277
traffic: moderate
Waiting Time Statistics:
Min: 0
Max: 159
Mean: 25.014440433212997
Std: 24.86411929667968

Total Service Time Statistics:
Min: 7
Max: 197
Mean: 57.61371841155235
Std: 33.94900629642381
