iteration: 45
System used: N_lift
Number of floors: 5
Number of passengers: 144
traffic: moderate
Waiting Time Statistics:
Min: 0
Max: 51
Mean: 12.631944444444445
Std: 10.18070746973434

Total Service Time Statistics:
Min: 7
Max: 92
Mean: 35.854166666666664
Std: 15.523935387976527
