iteration: 97
System used: N_lift
Number of floors: 40
Number of passengers: 790
traffic: moderate
Waiting Time Statistics:
Min: 0
Max: 4753
Mean: 900.5670886075949
Std: 1042.6041868435527

Total Service Time Statistics:
Min: 7
Max: 4872
Mean: 1045.7430379746836
Std: 1031.6617753917449
