iteration: 71
System used: N_lift
Number of floors: 20
Number of passengers: 296
traffic: moderate
Waiting Time Statistics:
Min: 0
Max: 176
Mean: 26.97972972972973
Std: 27.22697306531866

Total Service Time Statistics:
Min: 6
Max: 233
Mean: 60.9222972972973
Std: 33.89911317463289
