iteration: 5
System used: N_lift
Number of floors: 5
Number of passengers: 158
traffic: moderate
Waiting Time Statistics:
Min: 0
Max: 57
Mean: 14.310126582278482
Std: 11.66840248467563

Total Service Time Statistics:
Min: 7
Max: 74
Mean: 35.41772151898734
Std: 15.512975949215393
