iteration: 91
System used: N_lift
Number of floors: 5
Number of passengers: 139
traffic: moderate
Waiting Time Statistics:
Min: 0
Max: 57
Mean: 15.755395683453237
Std: 12.655892668095682

Total Service Time Statistics:
Min: 10
Max: 100
Mean: 36.32374100719424
Std: 18.567236153160202
