iteration: 46
System used: N_lift
Number of floors: 40
Number of passengers: 801
traffic: moderate
Waiting Time Statistics:
Min: 0
Max: 4727
Mean: 851.8951310861423
Std: 1033.94501980945

Total Service Time Statistics:
Min: 10
Max: 4769
Mean: 1001.6903870162297
Std: 1028.2967028148905
