iteration: 60
System used: N_lift
Number of floors: 20
Number of passengers: 293
traffic: moderate
Waiting Time Statistics:
Min: 0
Max: 138
Mean: 27.484641638225256
Std: 28.295358838616426

Total Service Time Statistics:
Min: 5
Max: 203
Mean: 59.815699658703075
Std: 37.99315222102936
