iteration: 28
System used: N_lift
Number of floors: 20
Number of passengers: 288
traffic: moderate
Waiting Time Statistics:
Min: 0
Max: 190
Mean: 25.788194444444443
Std: 26.376665848022316

Total Service Time Statistics:
Min: 4
Max: 246
Mean: 55.87152777777778
Std: 36.51968332463508
