iteration: 90
System used: N_lift
Number of floors: 40
Number of passengers: 772
traffic: moderate
Waiting Time Statistics:
Min: 0
Max: 4606
Mean: 781.589378238342
Std: 934.9803294107777

Total Service Time Statistics:
Min: 22
Max: 4751
Mean: 931.0012953367876
Std: 921.8761314917225
