iteration: 82
System used: N_lift
Number of floors: 40
Number of passengers: 759
traffic: moderate
Waiting Time Statistics:
Min: 0
Max: 4355
Mean: 768.3833992094861
Std: 927.2108752407315

Total Service Time Statistics:
Min: 13
Max: 4452
Mean: 912.4505928853755
Std: 919.7269928023347
