iteration: 10
System used: N_lift
Number of floors: 20
Number of passengers: 290
traffic: moderate
Waiting Time Statistics:
Min: 0
Max: 315
Mean: 26.686206896551724
Std: 32.236713409479805

Total Service Time Statistics:
Min: 8
Max: 327
Mean: 59.55862068965517
Std: 41.390849641884365
