iteration: 20
System used: N_lift
Number of floors: 20
Number of passengers: 271
traffic: moderate
Waiting Time Statistics:
Min: 0
Max: 158
Mean: 28.715867158671585
Std: 31.41072721758991

Total Service Time Statistics:
Min: 4
Max: 242
Mean: 62.18081180811808
Std: 42.148333310108576
