iteration: 81
System used: N_lift
Number of floors: 5
Number of passengers: 127
traffic: moderate
Waiting Time Statistics:
Min: 0
Max: 45
Mean: 12.488188976377952
Std: 9.224592856101017

Total Service Time Statistics:
Min: 7
Max: 90
Mean: 34.496062992125985
Std: 15.292841989734436
