iteration: 34
System used: N_lift
Number of floors: 20
Number of passengers: 283
traffic: moderate
Waiting Time Statistics:
Min: 0
Max: 232
Mean: 28.286219081272083
Std: 32.61095714211533

Total Service Time Statistics:
Min: 8
Max: 290
Mean: 61.08833922261484
Std: 42.781930612682146
