iteration: 25
System used: N_lift
Number of floors: 20
Number of passengers: 278
traffic: moderate
Waiting Time Statistics:
Min: 0
Max: 171
Mean: 30.514388489208635
Std: 33.22907269799124

Total Service Time Statistics:
Min: 8
Max: 204
Mean: 63.07913669064748
Std: 41.71729934878308
