iteration: 64
System used: N_lift
Number of floors: 5
Number of passengers: 163
traffic: moderate
Waiting Time Statistics:
Min: 0
Max: 65
Mean: 13.196319018404909
Std: 10.85872175804255

Total Service Time Statistics:
Min: 5
Max: 110
Mean: 35.17791411042945
Std: 17.94673884382285
