iteration: 39
System used: N_lift
Number of floors: 5
Number of passengers: 150
traffic: moderate
Waiting Time Statistics:
Min: 0
Max: 78
Mean: 14.346666666666666
Std: 12.183709371501646

Total Service Time Statistics:
Min: 11
Max: 88
Mean: 36.45333333333333
Std: 15.460530681336454
