iteration: 68
System used: N_lift
Number of floors: 20
Number of passengers: 295
traffic: moderate
Waiting Time Statistics:
Min: 0
Max: 194
Mean: 28.28135593220339
Std: 30.21845898554916

Total Service Time Statistics:
Min: 10
Max: 271
Mean: 62.671186440677964
Std: 40.772018594720706
