iteration: 89
System used: N_lift
Number of floors: 5
Number of passengers: 146
traffic: moderate
Waiting Time Statistics:
Min: 0
Max: 64
Mean: 14.335616438356164
Std: 12.718315545190656

Total Service Time Statistics:
Min: 7
Max: 95
Mean: 36.945205479452056
Std: 18.007577264113134
