iteration: 4
System used: N_lift
Number of floors: 40
Number of passengers: 818
traffic: moderate
Waiting Time Statistics:
Min: 0
Max: 5262
Mean: 918.4865525672371
Std: 1045.854325866072

Total Service Time Statistics:
Min: 20
Max: 5283
Mean: 1063.79706601467
Std: 1034.2080836254274
