iteration: 91
System used: N_lift
Number of floors: 40
Number of passengers: 764
traffic: moderate
Waiting Time Statistics:
Min: 0
Max: 4871
Mean: 727.041884816754
Std: 923.628706655675

Total Service Time Statistics:
Min: 17
Max: 4924
Mean: 873.2578534031413
Std: 910.487145258714
