iteration: 75
System used: N_lift
Number of floors: 5
Number of passengers: 121
traffic: moderate
Waiting Time Statistics:
Min: 0
Max: 68
Mean: 13.223140495867769
Std: 12.432811161938789

Total Service Time Statistics:
Min: 5
Max: 101
Mean: 33.90909090909091
Std: 17.661162664634134
