iteration: 84
System used: N_lift
Number of floors: 40
Number of passengers: 779
traffic: moderate
Waiting Time Statistics:
Min: 0
Max: 4881
Mean: 802.6405648267009
Std: 969.529738761064

Total Service Time Statistics:
Min: 9
Max: 4903
Mean: 944.0795892169448
Std: 957.3474192063262
