iteration: 75
System used: N_lift
Number of floors: 40
Number of passengers: 767
traffic: moderate
Waiting Time Statistics:
Min: 0
Max: 4543
Mean: 700.3468057366363
Std: 878.8335193679105

Total Service Time Statistics:
Min: 26
Max: 4662
Mean: 844.5684485006519
Std: 872.8816911125148
