iteration: 90
System used: N_lift
Number of floors: 5
Number of passengers: 152
traffic: moderate
Waiting Time Statistics:
Min: 0
Max: 51
Mean: 13.592105263157896
Std: 11.19150296362704

Total Service Time Statistics:
Min: 7
Max: 89
Mean: 33.7171052631579
Std: 15.690895729165632
