iteration: 77
System used: N_lift
Number of floors: 40
Number of passengers: 817
traffic: moderate
Waiting Time Statistics:
Min: 0
Max: 5049
Mean: 943.3145654834761
Std: 1047.7983583217729

Total Service Time Statistics:
Min: 24
Max: 5172
Mean: 1091.625458996328
Std: 1042.4084147658127
