iteration: 23
System used: N_lift
Number of floors: 5
Number of passengers: 127
traffic: moderate
Waiting Time Statistics:
Min: 0
Max: 71
Mean: 13.960629921259843
Std: 11.410383446392183

Total Service Time Statistics:
Min: 10
Max: 112
Mean: 35.74015748031496
Std: 15.744090651771337
