iteration: 2
System used: N_lift
Number of floors: 20
Number of passengers: 308
traffic: moderate
Waiting Time Statistics:
Min: 0
Max: 162
Mean: 28.711038961038962
Std: 31.632832614907834

Total Service Time Statistics:
Min: 7
Max: 267
Mean: 63.23376623376623
Std: 44.55202897843164
