iteration: 84
System used: N_lift
Number of floors: 20
Number of passengers: 272
traffic: moderate
Waiting Time Statistics:
Min: 0
Max: 164
Mean: 28.78676470588235
Std: 29.68516423185339

Total Service Time Statistics:
Min: 9
Max: 268
Mean: 60.599264705882355
Std: 42.71761391045543
