iteration: 1
System used: N_lift
Number of floors: 5
Number of passengers: 110
traffic: moderate
Waiting Time Statistics:
Min: 0
Max: 46
Mean: 12.263636363636364
Std: 9.564534329008163

Total Service Time Statistics:
Min: 8
Max: 69
Mean: 32.08181818181818
Std: 14.210818864888665
