iteration: 80
System used: N_lift
Number of floors: 20
Number of passengers: 275
traffic: moderate
Waiting Time Statistics:
Min: 0
Max: 171
Mean: 26.952727272727273
Std: 29.315822778195646

Total Service Time Statistics:
Min: 4
Max: 207
Mean: 57.79636363636364
Std: 38.33699002591163
