iteration: 7
System used: N_lift
Number of floors: 40
Number of passengers: 767
traffic: moderate
Waiting Time Statistics:
Min: 0
Max: 4629
Mean: 786.2046936114733
Std: 935.5286136872295

Total Service Time Statistics:
Min: 27
Max: 4705
Mean: 932.3689700130378
Std: 925.8991526986066
