iteration: 18
System used: N_lift
Number of floors: 5
Number of passengers: 134
traffic: moderate
Waiting Time Statistics:
Min: 0
Max: 43
Mean: 12.64179104477612
Std: 8.628857847101383

Total Service Time Statistics:
Min: 9
Max: 70
Mean: 34.365671641791046
Std: 14.963886876335346
