iteration: 36
System used: N_lift
Number of floors: 5
Number of passengers: 133
traffic: moderate
Waiting Time Statistics:
Min: 0
Max: 69
Mean: 13.857142857142858
Std: 12.106936940362829

Total Service Time Statistics:
Min: 10
Max: 82
Mean: 35.962406015037594
Std: 16.128934105493688
