iteration: 3
System used: N_lift
Number of floors: 40
Number of passengers: 797
traffic: moderate
Waiting Time Statistics:
Min: 0
Max: 4941
Mean: 871.892095357591
Std: 1052.314243577665

Total Service Time Statistics:
Min: 11
Max: 4969
Mean: 1018.2082810539523
Std: 1039.9041663333544
