iteration: 15
System used: N_lift
Number of floors: 20
Number of passengers: 287
traffic: moderate
Waiting Time Statistics:
Min: 0
Max: 192
Mean: 27.585365853658537
Std: 30.593868994587634

Total Service Time Statistics:
Min: 4
Max: 275
Mean: 58.041811846689896
Std: 38.16945554453028
