iteration: 52
System used: N_lift
Number of floors: 5
Number of passengers: 153
traffic: moderate
Waiting Time Statistics:
Min: 0
Max: 55
Mean: 12.333333333333334
Std: 10.874886569281394

Total Service Time Statistics:
Min: 7
Max: 78
Mean: 32.35294117647059
Std: 14.564498378011374
