iteration: 47
System used: N_lift
Number of floors: 20
Number of passengers: 293
traffic: moderate
Waiting Time Statistics:
Min: 0
Max: 160
Mean: 26.051194539249146
Std: 28.750237168879487

Total Service Time Statistics:
Min: 4
Max: 191
Mean: 56.44368600682594
Std: 36.48373257400081
