iteration: 72
System used: N_lift
Number of floors: 20
Number of passengers: 258
traffic: moderate
Waiting Time Statistics:
Min: 0
Max: 158
Mean: 22.515503875968992
Std: 23.36018412329629

Total Service Time Statistics:
Min: 7
Max: 191
Mean: 58.22868217054263
Std: 35.49886323339907
