iteration: 76
System used: N_lift
Number of floors: 40
Number of passengers: 782
traffic: moderate
Waiting Time Statistics:
Min: 0
Max: 4722
Mean: 836.0255754475703
Std: 1031.8600173355826

Total Service Time Statistics:
Min: 10
Max: 4797
Mean: 981.4859335038363
Std: 1017.3303401199832
