iteration: 53
System used: N_lift
Number of floors: 20
Number of passengers: 299
traffic: moderate
Waiting Time Statistics:
Min: 0
Max: 172
Mean: 27.321070234113712
Std: 29.252154011063816

Total Service Time Statistics:
Min: 7
Max: 234
Mean: 57.39799331103679
Std: 37.436193537320456
