iteration: 22
System used: N_lift
Number of floors: 20
Number of passengers: 276
traffic: moderate
Waiting Time Statistics:
Min: 0
Max: 177
Mean: 24.213768115942027
Std: 23.37196359908477

Total Service Time Statistics:
Min: 8
Max: 219
Mean: 55.757246376811594
Std: 31.79952746974517
