iteration: 46
System used: N_lift
Number of floors: 20
Number of passengers: 320
traffic: moderate
Waiting Time Statistics:
Min: 0
Max: 171
Mean: 26.328125
Std: 24.03814542232465

Total Service Time Statistics:
Min: 7
Max: 235
Mean: 57.446875
Std: 35.91810158613236
