iteration: 0
System used: N_lift
Number of floors: 40
Number of passengers: 755
traffic: moderate
Waiting Time Statistics:
Min: 0
Max: 4877
Mean: 689.158940397351
Std: 899.2290899080206

Total Service Time Statistics:
Min: 19
Max: 4932
Mean: 838.0688741721855
Std: 888.0367719004684
