iteration: 93
System used: N_lift
Number of floors: 20
Number of passengers: 283
traffic: moderate
Waiting Time Statistics:
Min: 0
Max: 174
Mean: 28.74558303886926
Std: 32.934260868158404

Total Service Time Statistics:
Min: 6
Max: 294
Mean: 63.332155477031804
Std: 46.009433868630815
