iteration: 29
System used: N_lift
Number of floors: 5
Number of passengers: 141
traffic: moderate
Waiting Time Statistics:
Min: 0
Max: 64
Mean: 12.581560283687944
Std: 10.822698388353455

Total Service Time Statistics:
Min: 8
Max: 113
Mean: 34.858156028368796
Std: 16.59241718388411
