iteration: 77
System used: N_lift
Number of floors: 5
Number of passengers: 132
traffic: moderate
Waiting Time Statistics:
Min: 0
Max: 49
Mean: 12.636363636363637
Std: 11.138457365247945

Total Service Time Statistics:
Min: 4
Max: 80
Mean: 37.11363636363637
Std: 16.431977634052327
