iteration: 4
System used: N_lift
Number of floors: 20
Number of passengers: 273
traffic: moderate
Waiting Time Statistics:
Min: 0
Max: 196
Mean: 26.864468864468865
Std: 28.964988078153826

Total Service Time Statistics:
Min: 7
Max: 217
Mean: 57.26739926739927
Std: 36.877653436610295
