iteration: 36
System used: N_lift
Number of floors: 20
Number of passengers: 301
traffic: moderate
Waiting Time Statistics:
Min: 0
Max: 193
Mean: 29.302325581395348
Std: 32.79204620900689

Total Service Time Statistics:
Min: 9
Max: 249
Mean: 62.68770764119601
Std: 42.70193768118227
