iteration: 88
System used: N_lift
Number of floors: 40
Number of passengers: 827
traffic: moderate
Waiting Time Statistics:
Min: 0
Max: 5163
Mean: 978.1269649334946
Std: 1085.1407824603657

Total Service Time Statistics:
Min: 20
Max: 5189
Mean: 1125.8415961305925
Std: 1078.7300893311735
