iteration: 15
System used: N_lift
Number of floors: 5
Number of passengers: 135
traffic: moderate
Waiting Time Statistics:
Min: 0
Max: 48
Mean: 13.77037037037037
Std: 10.851742236309091

Total Service Time Statistics:
Min: 10
Max: 81
Mean: 33.977777777777774
Std: 15.535451353475988
