iteration: 21
System used: N_lift
Number of floors: 20
Number of passengers: 302
traffic: moderate
Waiting Time Statistics:
Min: 0
Max: 169
Mean: 26.185430463576157
Std: 28.318760782784217

Total Service Time Statistics:
Min: 5
Max: 256
Mean: 58.94039735099338
Std: 40.07049134030612
