iteration: 90
System used: N_lift
Number of floors: 20
Number of passengers: 314
traffic: moderate
Waiting Time Statistics:
Min: 0
Max: 158
Mean: 24.691082802547772
Std: 26.3920451656379

Total Service Time Statistics:
Min: 7
Max: 210
Mean: 55.03503184713376
Std: 35.29784789436069
