iteration: 99
System used: N_lift
Number of floors: 40
Number of passengers: 760
traffic: moderate
Waiting Time Statistics:
Min: 0
Max: 4940
Mean: 757.1684210526316
Std: 980.6435482367821

Total Service Time Statistics:
Min: 17
Max: 5040
Mean: 901.9328947368421
Std: 971.9906617919975
