iteration: 60
System used: N_lift
Number of floors: 5
Number of passengers: 128
traffic: moderate
Waiting Time Statistics:
Min: 0
Max: 65
Mean: 14.609375
Std: 11.884108607782698

Total Service Time Statistics:
Min: 10
Max: 97
Mean: 37.6015625
Std: 17.11164812273727
