iteration: 66
System used: N_lift
Number of floors: 20
Number of passengers: 296
traffic: moderate
Waiting Time Statistics:
Min: 0
Max: 195
Mean: 28.655405405405407
Std: 31.51791803281468

Total Service Time Statistics:
Min: 5
Max: 281
Mean: 66.76013513513513
Std: 44.55238659340392
