iteration: 41
System used: N_lift
Number of floors: 20
Number of passengers: 286
traffic: moderate
Waiting Time Statistics:
Min: 0
Max: 180
Mean: 26.248251748251747
Std: 28.177468548026045

Total Service Time Statistics:
Min: 5
Max: 200
Mean: 60.35664335664335
Std: 40.63986558798148
