iteration: 12
System used: N_lift
Number of floors: 40
Number of passengers: 765
traffic: moderate
Waiting Time Statistics:
Min: 0
Max: 4732
Mean: 767.240522875817
Std: 937.2165817625169

Total Service Time Statistics:
Min: 29
Max: 4782
Mean: 909.5045751633987
Std: 929.1543763112282
