iteration: 48
System used: N_lift
Number of floors: 40
Number of passengers: 812
traffic: moderate
Waiting Time Statistics:
Min: 0
Max: 4789
Mean: 898.7290640394089
Std: 1076.0609826881255

Total Service Time Statistics:
Min: 28
Max: 4887
Mean: 1038.8165024630541
Std: 1064.3446520842317
