iteration: 22
System used: N_lift
Number of floors: 5
Number of passengers: 132
traffic: moderate
Waiting Time Statistics:
Min: 0
Max: 58
Mean: 14.295454545454545
Std: 11.28718697763739

Total Service Time Statistics:
Min: 10
Max: 101
Mean: 36.96969696969697
Std: 16.87942846339837
