iteration: 50
System used: N_lift
Number of floors: 40
Number of passengers: 748
traffic: moderate
Waiting Time Statistics:
Min: 0
Max: 4450
Mean: 706.1764705882352
Std: 904.3082697443881

Total Service Time Statistics:
Min: 18
Max: 4502
Mean: 845.6323529411765
Std: 893.8377029526241
