iteration: 43
System used: N_lift
Number of floors: 20
Number of passengers: 278
traffic: moderate
Waiting Time Statistics:
Min: 0
Max: 169
Mean: 29.14388489208633
Std: 30.31580139887475

Total Service Time Statistics:
Min: 7
Max: 330
Mean: 65.08273381294964
Std: 44.656130886052836
