iteration: 32
System used: N_lift
Number of floors: 20
Number of passengers: 285
traffic: moderate
Waiting Time Statistics:
Min: 0
Max: 184
Mean: 30.557894736842105
Std: 32.05081214154397

Total Service Time Statistics:
Min: 7
Max: 223
Mean: 63.71578947368421
Std: 41.02421042950093
