iteration: 95
System used: N_lift
Number of floors: 20
Number of passengers: 290
traffic: moderate
Waiting Time Statistics:
Min: 0
Max: 198
Mean: 27.686206896551724
Std: 29.23088171386889

Total Service Time Statistics:
Min: 5
Max: 243
Mean: 60.83103448275862
Std: 38.92076596301254
