iteration: 62
System used: N_lift
Number of floors: 5
Number of passengers: 147
traffic: moderate
Waiting Time Statistics:
Min: 0
Max: 50
Mean: 12.82312925170068
Std: 10.195822862297282

Total Service Time Statistics:
Min: 10
Max: 87
Mean: 35.08843537414966
Std: 14.457270612483384
