iteration: 40
System used: N_lift
Number of floors: 5
Number of passengers: 145
traffic: moderate
Waiting Time Statistics:
Min: 0
Max: 49
Mean: 14.841379310344827
Std: 10.784940543588343

Total Service Time Statistics:
Min: 8
Max: 91
Mean: 36.07586206896552
Std: 16.863456034433966
