iteration: 91
System used: N_lift
Number of floors: 20
Number of passengers: 309
traffic: moderate
Waiting Time Statistics:
Min: 0
Max: 178
Mean: 28.45307443365696
Std: 31.24123615186169

Total Service Time Statistics:
Min: 6
Max: 230
Mean: 61.13915857605178
Std: 40.42866959552012
