iteration: 24
System used: N_lift
Number of floors: 5
Number of passengers: 139
traffic: moderate
Waiting Time Statistics:
Min: 0
Max: 68
Mean: 13.345323741007194
Std: 11.468742795419024

Total Service Time Statistics:
Min: 8
Max: 100
Mean: 35.97841726618705
Std: 16.70262828658112
