iteration: 97
System used: N_lift
Number of floors: 5
Number of passengers: 145
traffic: moderate
Waiting Time Statistics:
Min: 0
Max: 40
Mean: 13.379310344827585
Std: 9.481758045435662

Total Service Time Statistics:
Min: 9
Max: 95
Mean: 36.765517241379314
Std: 16.93985020312206
