iteration: 69
System used: N_lift
Number of floors: 20
Number of passengers: 301
traffic: moderate
Waiting Time Statistics:
Min: 0
Max: 151
Mean: 26.953488372093023
Std: 27.93619807330084

Total Service Time Statistics:
Min: 6
Max: 190
Mean: 56.332225913621265
Std: 33.519286856407405
