iteration: 42
System used: N_lift
Number of floors: 20
Number of passengers: 277
traffic: moderate
Waiting Time Statistics:
Min: 0
Max: 186
Mean: 26.80505415162455
Std: 28.13396220647676

Total Service Time Statistics:
Min: 6
Max: 234
Mean: 57.48375451263538
Std: 36.44716132240283
