iteration: 24
System used: N_lift
Number of floors: 20
Number of passengers: 294
traffic: moderate
Waiting Time Statistics:
Min: 0
Max: 177
Mean: 29.31972789115646
Std: 31.99637061213213

Total Service Time Statistics:
Min: 7
Max: 235
Mean: 65.71768707482993
Std: 47.43199076080555
