iteration: 73
System used: N_lift
Number of floors: 20
Number of passengers: 286
traffic: moderate
Waiting Time Statistics:
Min: 0
Max: 136
Mean: 24.475524475524477
Std: 21.9945231357621

Total Service Time Statistics:
Min: 6
Max: 188
Mean: 60.74125874125874
Std: 36.37325280770913
