iteration: 61
System used: N_lift
Number of floors: 40
Number of passengers: 768
traffic: moderate
Waiting Time Statistics:
Min: 0
Max: 4758
Mean: 727.49609375
Std: 923.5140458836044

Total Service Time Statistics:
Min: 24
Max: 4808
Mean: 875.11328125
Std: 914.7750410223024
