iteration: 30
System used: N_lift
Number of floors: 5
Number of passengers: 125
traffic: moderate
Waiting Time Statistics:
Min: 0
Max: 60
Mean: 12.728
Std: 9.781793489486871

Total Service Time Statistics:
Min: 13
Max: 90
Mean: 35.968
Std: 15.784810992359589
