iteration: 44
System used: N_lift
Number of floors: 20
Number of passengers: 320
traffic: moderate
Waiting Time Statistics:
Min: 0
Max: 197
Mean: 24.428125
Std: 28.916935784358962

Total Service Time Statistics:
Min: 5
Max: 263
Mean: 58.14375
Std: 40.029667191795305
