iteration: 14
System used: dual
Number of floors: 5
Number of passengers: 55
traffic: low
Waiting Time Statistics:
Min: 0
Max: 37
Mean: 10.236363636363636
Std: 7.1827046292636725

Total Service Time Statistics:
Min: 8
Max: 52
Mean: 21.272727272727273
Std: 9.137741323670555
