iteration: 89
System used: dual
Number of floors: 40
Number of passengers: 185
traffic: low
Waiting Time Statistics:
Min: 0
Max: 480
Mean: 66.71891891891892
Std: 91.42879695078784

Total Service Time Statistics:
Min: 6
Max: 502
Mean: 103.16756756756757
Std: 101.22547489889902
