iteration: 79
System used: dual
Number of floors: 5
Number of passengers: 44
traffic: low
Waiting Time Statistics:
Min: 0
Max: 34
Mean: 9.25
Std: 7.57021396889703

Total Service Time Statistics:
Min: 7
Max: 53
Mean: 21.977272727272727
Std: 11.298258018361569
