iteration: 91
System used: dual
Number of floors: 5
Number of passengers: 43
traffic: low
Waiting Time Statistics:
Min: 0
Max: 29
Mean: 8.69767441860465
Std: 6.2394096321799175

Total Service Time Statistics:
Min: 8
Max: 42
Mean: 20.6046511627907
Std: 8.375529933152265
