iteration: 80
System used: dual
Number of floors: 20
Number of passengers: 130
traffic: low
Waiting Time Statistics:
Min: 0
Max: 166
Mean: 24.6
Std: 27.450194503765793

Total Service Time Statistics:
Min: 4
Max: 185
Mean: 50.853846153846156
Std: 36.96260661016764
