iteration: 44
System used: dual
Number of floors: 5
Number of passengers: 55
traffic: low
Waiting Time Statistics:
Min: 0
Max: 33
Mean: 8.581818181818182
Std: 6.682456049628674

Total Service Time Statistics:
Min: 7
Max: 41
Mean: 20.29090909090909
Std: 7.69962174942218
