iteration: 88
System used: dual
Number of floors: 5
Number of passengers: 44
traffic: low
Waiting Time Statistics:
Min: 0
Max: 29
Mean: 8.954545454545455
Std: 6.512794368491756

Total Service Time Statistics:
Min: 9
Max: 51
Mean: 20.954545454545453
Std: 8.550682130968417
