iteration: 22
System used: dual
Number of floors: 5
Number of passengers: 46
traffic: low
Waiting Time Statistics:
Min: 0
Max: 41
Mean: 8.217391304347826
Std: 7.699676886375776

Total Service Time Statistics:
Min: 5
Max: 75
Mean: 20.695652173913043
Std: 12.303332096482176
