iteration: 82
System used: dual
Number of floors: 5
Number of passengers: 57
traffic: low
Waiting Time Statistics:
Min: 0
Max: 33
Mean: 8.017543859649123
Std: 6.269231064920436

Total Service Time Statistics:
Min: 4
Max: 40
Mean: 19.666666666666668
Std: 7.392885898264757
