iteration: 95
System used: dual
Number of floors: 40
Number of passengers: 181
traffic: low
Waiting Time Statistics:
Min: 0
Max: 391
Mean: 63.33701657458563
Std: 73.3486515057802

Total Service Time Statistics:
Min: 10
Max: 427
Mean: 99.03314917127072
Std: 90.1552303623827
