iteration: 73
System used: dual
Number of floors: 40
Number of passengers: 205
traffic: low
Waiting Time Statistics:
Min: 1
Max: 429
Mean: 60.795121951219514
Std: 73.26179872592935

Total Service Time Statistics:
Min: 5
Max: 462
Mean: 93.92682926829268
Std: 84.70189659308583
