iteration: 32
System used: dual
Number of floors: 20
Number of passengers: 138
traffic: low
Waiting Time Statistics:
Min: 0
Max: 158
Mean: 25.10144927536232
Std: 29.751106181991837

Total Service Time Statistics:
Min: 8
Max: 197
Mean: 46.95652173913044
Std: 36.39400559553516
