iteration: 68
System used: dual
Number of floors: 5
Number of passengers: 49
traffic: low
Waiting Time Statistics:
Min: 0
Max: 26
Mean: 8.755102040816327
Std: 6.681849208380672

Total Service Time Statistics:
Min: 4
Max: 64
Mean: 20.428571428571427
Std: 10.060235252385171
