iteration: 72
System used: dual
Number of floors: 40
Number of passengers: 172
traffic: low
Waiting Time Statistics:
Min: 0
Max: 382
Mean: 71.59883720930233
Std: 88.66413793279195

Total Service Time Statistics:
Min: 9
Max: 475
Mean: 111.21511627906976
Std: 106.71882060230348
