iteration: 44
System used: dual
Number of floors: 40
Number of passengers: 207
traffic: low
Waiting Time Statistics:
Min: 0
Max: 369
Mean: 63.84057971014493
Std: 76.67038703571279

Total Service Time Statistics:
Min: 6
Max: 403
Mean: 95.1207729468599
Std: 85.37074999517961
