iteration: 66
System used: dual
Number of floors: 20
Number of passengers: 154
traffic: low
Waiting Time Statistics:
Min: 0
Max: 140
Mean: 28.792207792207794
Std: 32.93341972773366

Total Service Time Statistics:
Min: 4
Max: 189
Mean: 51.52597402597402
Std: 42.52107482884961
