iteration: 18
System used: dual
Number of floors: 5
Number of passengers: 42
traffic: low
Waiting Time Statistics:
Min: 0
Max: 32
Mean: 8.071428571428571
Std: 6.80528079434607

Total Service Time Statistics:
Min: 7
Max: 53
Mean: 20.38095238095238
Std: 9.887050858603082
