iteration: 32
System used: dual
Number of floors: 5
Number of passengers: 44
traffic: low
Waiting Time Statistics:
Min: 0
Max: 36
Mean: 8.386363636363637
Std: 7.530452622645119

Total Service Time Statistics:
Min: 4
Max: 45
Mean: 19.977272727272727
Std: 8.711095935013365
