iteration: 71
System used: dual
Number of floors: 40
Number of passengers: 188
traffic: low
Waiting Time Statistics:
Min: 0
Max: 320
Mean: 64.82446808510639
Std: 80.13315147275935

Total Service Time Statistics:
Min: 6
Max: 404
Mean: 99.16489361702128
Std: 96.64361700327265
