iteration: 28
System used: dual
Number of floors: 20
Number of passengers: 139
traffic: low
Waiting Time Statistics:
Min: 0
Max: 219
Mean: 28.244604316546763
Std: 33.464417989863065

Total Service Time Statistics:
Min: 5
Max: 227
Mean: 49.87769784172662
Std: 37.51008761550061
