iteration: 34
System used: dual
Number of floors: 20
Number of passengers: 143
traffic: low
Waiting Time Statistics:
Min: 0
Max: 154
Mean: 25.776223776223777
Std: 29.890037810073103

Total Service Time Statistics:
Min: 8
Max: 172
Mean: 46.97202797202797
Std: 35.521456331953424
