iteration: 6
System used: dual
Number of floors: 40
Number of passengers: 197
traffic: low
Waiting Time Statistics:
Min: 0
Max: 445
Mean: 55.91878172588832
Std: 71.58920154674217

Total Service Time Statistics:
Min: 8
Max: 481
Mean: 94.35532994923858
Std: 82.43560031010581
