iteration: 34
System used: dual
Number of floors: 40
Number of passengers: 184
traffic: low
Waiting Time Statistics:
Min: 0
Max: 297
Mean: 62.29347826086956
Std: 72.96672466305563

Total Service Time Statistics:
Min: 6
Max: 387
Mean: 98.30434782608695
Std: 87.20577249786504
