iteration: 53
System used: dual
Number of floors: 5
Number of passengers: 43
traffic: low
Waiting Time Statistics:
Min: 0
Max: 28
Mean: 8.255813953488373
Std: 6.495760607451946

Total Service Time Statistics:
Min: 4
Max: 44
Mean: 19.6046511627907
Std: 9.683416198851374
