iteration: 76
System used: dual
Number of floors: 40
Number of passengers: 179
traffic: low
Waiting Time Statistics:
Min: 1
Max: 309
Mean: 69.96648044692738
Std: 78.60868089991114

Total Service Time Statistics:
Min: 6
Max: 378
Mean: 109.51396648044692
Std: 92.63085839738868
