iteration: 4
System used: dual
Number of floors: 40
Number of passengers: 185
traffic: low
Waiting Time Statistics:
Min: 0
Max: 373
Mean: 72.07027027027027
Std: 85.79868013852844

Total Service Time Statistics:
Min: 12
Max: 460
Mean: 110.56756756756756
Std: 98.96758926552357
