iteration: 45
System used: dual
Number of floors: 20
Number of passengers: 137
traffic: low
Waiting Time Statistics:
Min: 0
Max: 161
Mean: 26.153284671532848
Std: 29.446334664284

Total Service Time Statistics:
Min: 9
Max: 193
Mean: 50.66423357664234
Std: 39.40817274378329
