iteration: 41
System used: dual
Number of floors: 20
Number of passengers: 139
traffic: low
Waiting Time Statistics:
Min: 0
Max: 145
Mean: 27.41726618705036
Std: 28.304221859659116

Total Service Time Statistics:
Min: 4
Max: 186
Mean: 48.51798561151079
Std: 35.96543278389855
