iteration: 90
System used: dual
Number of floors: 40
Number of passengers: 192
traffic: low
Waiting Time Statistics:
Min: 1
Max: 438
Mean: 56.671875
Std: 70.6495787282305

Total Service Time Statistics:
Min: 8
Max: 460
Mean: 95.30208333333333
Std: 84.88786811261701
