iteration: 64
System used: dual
Number of floors: 5
Number of passengers: 47
traffic: low
Waiting Time Statistics:
Min: 0
Max: 31
Mean: 8.148936170212766
Std: 6.8238033619033995

Total Service Time Statistics:
Min: 7
Max: 51
Mean: 20.4468085106383
Std: 9.945085110437166
