iteration: 17
System used: dual
Number of floors: 5
Number of passengers: 47
traffic: low
Waiting Time Statistics:
Min: 0
Max: 34
Mean: 7.957446808510638
Std: 7.058628536604069

Total Service Time Statistics:
Min: 6
Max: 45
Mean: 18.4468085106383
Std: 8.799230476824313
