iteration: 22
System used: dual
Number of floors: 20
Number of passengers: 127
traffic: low
Waiting Time Statistics:
Min: 0
Max: 200
Mean: 25.41732283464567
Std: 30.93091147766899

Total Service Time Statistics:
Min: 5
Max: 221
Mean: 46.811023622047244
Std: 37.818642476762065
