iteration: 76
System used: dual
Number of floors: 5
Number of passengers: 56
traffic: low
Waiting Time Statistics:
Min: 0
Max: 36
Mean: 8.285714285714286
Std: 7.041989093261249

Total Service Time Statistics:
Min: 7
Max: 43
Mean: 19.357142857142858
Std: 8.389232430873566
