iteration: 92
System used: dual
Number of floors: 40
Number of passengers: 188
traffic: low
Waiting Time Statistics:
Min: 0
Max: 357
Mean: 59.329787234042556
Std: 71.39157491566105

Total Service Time Statistics:
Min: 9
Max: 459
Mean: 89.45212765957447
Std: 83.20616008242875
