iteration: 16
System used: dual
Number of floors: 40
Number of passengers: 187
traffic: low
Waiting Time Statistics:
Min: 0
Max: 392
Mean: 56.62032085561497
Std: 73.82950581528198

Total Service Time Statistics:
Min: 8
Max: 453
Mean: 89.49197860962566
Std: 84.24901447902944
