iteration: 28
System used: dual
Number of floors: 5
Number of passengers: 54
traffic: low
Waiting Time Statistics:
Min: 0
Max: 32
Mean: 7.537037037037037
Std: 6.1574099031641145

Total Service Time Statistics:
Min: 5
Max: 42
Mean: 18.314814814814813
Std: 7.635132485966889
