iteration: 15
System used: dual
Number of floors: 40
Number of passengers: 184
traffic: low
Waiting Time Statistics:
Min: 0
Max: 376
Mean: 58.494565217391305
Std: 68.5650739750847

Total Service Time Statistics:
Min: 6
Max: 393
Mean: 96.28260869565217
Std: 82.54686710990461
