iteration: 65
System used: dual
Number of floors: 40
Number of passengers: 172
traffic: low
Waiting Time Statistics:
Min: 0
Max: 320
Mean: 58.47674418604651
Std: 72.07107063230171

Total Service Time Statistics:
Min: 6
Max: 401
Mean: 97.59302325581395
Std: 89.65279067054746
