iteration: 90
System used: dual
Number of floors: 20
Number of passengers: 150
traffic: low
Waiting Time Statistics:
Min: 0
Max: 162
Mean: 25.36
Std: 30.83127497815365

Total Service Time Statistics:
Min: 5
Max: 195
Mean: 46.7
Std: 37.0826665852636
