iteration: 40
System used: dual
Number of floors: 40
Number of passengers: 182
traffic: low
Waiting Time Statistics:
Min: 0
Max: 299
Mean: 65.57692307692308
Std: 75.98002147544058

Total Service Time Statistics:
Min: 4
Max: 381
Mean: 98.37912087912088
Std: 91.04582176630255
