iteration: 84
System used: dual
Number of floors: 5
Number of passengers: 49
traffic: low
Waiting Time Statistics:
Min: 0
Max: 32
Mean: 8.081632653061224
Std: 6.741775034235784

Total Service Time Statistics:
Min: 7
Max: 44
Mean: 19.877551020408163
Std: 8.623206705022849
