iteration: 70
System used: dual
Number of floors: 5
Number of passengers: 57
traffic: low
Waiting Time Statistics:
Min: 1
Max: 45
Mean: 8.385964912280702
Std: 6.760585313747705

Total Service Time Statistics:
Min: 9
Max: 56
Mean: 20.70175438596491
Std: 7.968610096319679
