iteration: 50
System used: dual
Number of floors: 20
Number of passengers: 131
traffic: low
Waiting Time Statistics:
Min: 0
Max: 177
Mean: 22.923664122137403
Std: 28.41657650592498

Total Service Time Statistics:
Min: 6
Max: 204
Mean: 47.70992366412214
Std: 35.78235245085495
