iteration: 28
System used: dual
Number of floors: 40
Number of passengers: 203
traffic: low
Waiting Time Statistics:
Min: 0
Max: 370
Mean: 57.758620689655174
Std: 74.4525622248856

Total Service Time Statistics:
Min: 8
Max: 428
Mean: 93.23645320197045
Std: 87.48172794356323
