iteration: 36
System used: dual
Number of floors: 20
Number of passengers: 131
traffic: low
Waiting Time Statistics:
Min: 0
Max: 208
Mean: 25.68702290076336
Std: 32.619268484337866

Total Service Time Statistics:
Min: 4
Max: 237
Mean: 45.16030534351145
Std: 36.53340237559071
