iteration: 44
System used: dual
Number of floors: 20
Number of passengers: 156
traffic: low
Waiting Time Statistics:
Min: 0
Max: 147
Mean: 26.583333333333332
Std: 30.47621141752353

Total Service Time Statistics:
Min: 7
Max: 187
Mean: 47.256410256410255
Std: 34.77260170897842
