iteration: 60
System used: dual
Number of floors: 5
Number of passengers: 56
traffic: low
Waiting Time Statistics:
Min: 0
Max: 27
Mean: 7.839285714285714
Std: 6.309521767540305

Total Service Time Statistics:
Min: 4
Max: 47
Mean: 19.607142857142858
Std: 9.413102225435221
