iteration: 35
System used: dual
Number of floors: 20
Number of passengers: 110
traffic: low
Waiting Time Statistics:
Min: 0
Max: 145
Mean: 22.727272727272727
Std: 24.934007980299413

Total Service Time Statistics:
Min: 9
Max: 154
Mean: 47.17272727272727
Std: 32.92132938193051
