iteration: 81
System used: dual
Number of floors: 20
Number of passengers: 144
traffic: low
Waiting Time Statistics:
Min: 0
Max: 150
Mean: 29.0625
Std: 34.611372630749784

Total Service Time Statistics:
Min: 6
Max: 203
Mean: 51.076388888888886
Std: 44.117307049210076
