iteration: 83
System used: dual
Number of floors: 5
Number of passengers: 42
traffic: low
Waiting Time Statistics:
Min: 0
Max: 34
Mean: 9.119047619047619
Std: 6.92891566131235

Total Service Time Statistics:
Min: 4
Max: 41
Mean: 20.595238095238095
Std: 8.960780464183566
