iteration: 98
System used: dual
Number of floors: 20
Number of passengers: 124
traffic: low
Waiting Time Statistics:
Min: 0
Max: 144
Mean: 24.798387096774192
Std: 27.96338483957792

Total Service Time Statistics:
Min: 4
Max: 176
Mean: 43.91129032258065
Std: 32.44207147476197
