iteration: 74
System used: dual
Number of floors: 5
Number of passengers: 48
traffic: low
Waiting Time Statistics:
Min: 0
Max: 41
Mean: 9.604166666666666
Std: 7.251528329984472

Total Service Time Statistics:
Min: 4
Max: 55
Mean: 22.020833333333332
Std: 9.943434877501867
