iteration: 46
System used: dual
Number of floors: 5
Number of passengers: 61
traffic: low
Waiting Time Statistics:
Min: 0
Max: 31
Mean: 8.01639344262295
Std: 6.543423678978992

Total Service Time Statistics:
Min: 7
Max: 58
Mean: 19.40983606557377
Std: 9.61141170550287
