iteration: 82
System used: dual
Number of floors: 40
Number of passengers: 191
traffic: low
Waiting Time Statistics:
Min: 0
Max: 510
Mean: 72.07329842931937
Std: 90.50562569958636

Total Service Time Statistics:
Min: 4
Max: 519
Mean: 109.13612565445027
Std: 105.18666267097656
