iteration: 8
System used: dual
Number of floors: 5
Number of passengers: 42
traffic: low
Waiting Time Statistics:
Min: 0
Max: 30
Mean: 8.571428571428571
Std: 6.768444924049797

Total Service Time Statistics:
Min: 4
Max: 40
Mean: 19.857142857142858
Std: 8.185565607858598
