iteration: 57
System used: dual
Number of floors: 5
Number of passengers: 54
traffic: low
Waiting Time Statistics:
Min: 0
Max: 27
Mean: 9.203703703703704
Std: 6.180857941393262

Total Service Time Statistics:
Min: 5
Max: 48
Mean: 20.833333333333332
Std: 8.213541510879663
