iteration: 8
System used: dual
Number of floors: 20
Number of passengers: 134
traffic: low
Waiting Time Statistics:
Min: 0
Max: 137
Mean: 24.0
Std: 26.807865527403305

Total Service Time Statistics:
Min: 5
Max: 175
Mean: 46.701492537313435
Std: 32.51258399537531
