iteration: 70
System used: dual
Number of floors: 20
Number of passengers: 159
traffic: low
Waiting Time Statistics:
Min: 1
Max: 145
Mean: 23.32704402515723
Std: 27.156950495117304

Total Service Time Statistics:
Min: 6
Max: 171
Mean: 44.264150943396224
Std: 32.47695440571272
