iteration: 90
System used: dual
Number of floors: 5
Number of passengers: 51
traffic: low
Waiting Time Statistics:
Min: 0
Max: 28
Mean: 8.745098039215685
Std: 5.982785763354399

Total Service Time Statistics:
Min: 7
Max: 43
Mean: 21.215686274509803
Std: 8.707040198575395
