iteration: 39
System used: dual
Number of floors: 20
Number of passengers: 114
traffic: low
Waiting Time Statistics:
Min: 0
Max: 197
Mean: 26.859649122807017
Std: 36.2134471657699

Total Service Time Statistics:
Min: 7
Max: 258
Mean: 51.55263157894737
Std: 42.39575285650845
