iteration: 47
System used: dual
Number of floors: 40
Number of passengers: 191
traffic: low
Waiting Time Statistics:
Min: 0
Max: 345
Mean: 67.67539267015707
Std: 80.34006257434868

Total Service Time Statistics:
Min: 10
Max: 412
Mean: 101.01570680628272
Std: 90.64572312259882
