iteration: 92
System used: dual
Number of floors: 5
Number of passengers: 49
traffic: low
Waiting Time Statistics:
Min: 0
Max: 27
Mean: 8.83673469387755
Std: 6.118097943722345

Total Service Time Statistics:
Min: 6
Max: 54
Mean: 21.897959183673468
Std: 9.689437758798631
