iteration: 77
System used: dual
Number of floors: 20
Number of passengers: 125
traffic: low
Waiting Time Statistics:
Min: 0
Max: 146
Mean: 27.976
Std: 34.32375834748832

Total Service Time Statistics:
Min: 7
Max: 194
Mean: 49.0
Std: 41.16019060114495
