iteration: 29
System used: dual
Number of floors: 40
Number of passengers: 171
traffic: low
Waiting Time Statistics:
Min: 0
Max: 306
Mean: 56.63742690058479
Std: 71.50119375670823

Total Service Time Statistics:
Min: 8
Max: 373
Mean: 86.84210526315789
Std: 82.59948500203024
