iteration: 51
System used: dual
Number of floors: 40
Number of passengers: 194
traffic: low
Waiting Time Statistics:
Min: 0
Max: 425
Mean: 67.80412371134021
Std: 82.90860679900786

Total Service Time Statistics:
Min: 8
Max: 449
Mean: 104.23711340206185
Std: 95.27454446342139
