iteration: 32
System used: dual
Number of floors: 40
Number of passengers: 172
traffic: low
Waiting Time Statistics:
Min: 0
Max: 449
Mean: 68.09302325581395
Std: 84.0366987373143

Total Service Time Statistics:
Min: 8
Max: 484
Mean: 109.34302325581395
Std: 98.03194256927631
