iteration: 6
System used: dual
Number of floors: 5
Number of passengers: 41
traffic: low
Waiting Time Statistics:
Min: 0
Max: 36
Mean: 8.048780487804878
Std: 7.723183344684351

Total Service Time Statistics:
Min: 6
Max: 41
Mean: 19.48780487804878
Std: 8.497417111156519
