iteration: 43
System used: dual
Number of floors: 40
Number of passengers: 195
traffic: low
Waiting Time Statistics:
Min: 0
Max: 376
Mean: 62.42051282051282
Std: 75.30725783222947

Total Service Time Statistics:
Min: 5
Max: 428
Mean: 97.35384615384615
Std: 84.68025319708605
