iteration: 21
System used: dual
Number of floors: 40
Number of passengers: 191
traffic: low
Waiting Time Statistics:
Min: 0
Max: 391
Mean: 56.95811518324607
Std: 70.35562540339225

Total Service Time Statistics:
Min: 8
Max: 406
Mean: 95.33507853403141
Std: 85.5373896385552
