iteration: 1
System used: dual
Number of floors: 20
Number of passengers: 142
traffic: low
Waiting Time Statistics:
Min: 0
Max: 153
Mean: 26.992957746478872
Std: 30.459948468328662

Total Service Time Statistics:
Min: 7
Max: 193
Mean: 47.774647887323944
Std: 38.03122911730582
