iteration: 96
System used: dual
Number of floors: 20
Number of passengers: 138
traffic: low
Waiting Time Statistics:
Min: 0
Max: 147
Mean: 26.0
Std: 30.606043962055914

Total Service Time Statistics:
Min: 5
Max: 192
Mean: 47.63768115942029
Std: 38.22177734220203
