iteration: 52
System used: dual
Number of floors: 40
Number of passengers: 199
traffic: low
Waiting Time Statistics:
Min: 0
Max: 436
Mean: 67.91959798994975
Std: 86.5057571963878

Total Service Time Statistics:
Min: 9
Max: 460
Mean: 97.68341708542714
Std: 96.1745324044471
