iteration: 13
System used: dual
Number of floors: 20
Number of passengers: 124
traffic: low
Waiting Time Statistics:
Min: 0
Max: 243
Mean: 25.54032258064516
Std: 36.438253640238855

Total Service Time Statistics:
Min: 7
Max: 283
Mean: 48.306451612903224
Std: 40.27086691723848
