iteration: 19
System used: dual
Number of floors: 20
Number of passengers: 125
traffic: low
Waiting Time Statistics:
Min: 0
Max: 146
Mean: 25.704
Std: 29.598938516276608

Total Service Time Statistics:
Min: 5
Max: 165
Mean: 49.36
Std: 33.74845277218097
