iteration: 49
System used: dual
Number of floors: 20
Number of passengers: 163
traffic: low
Waiting Time Statistics:
Min: 0
Max: 149
Mean: 26.12269938650307
Std: 31.087644524007423

Total Service Time Statistics:
Min: 4
Max: 187
Mean: 46.558282208588956
Std: 37.641108693789086
