iteration: 60
System used: dual
Number of floors: 40
Number of passengers: 181
traffic: low
Waiting Time Statistics:
Min: 0
Max: 350
Mean: 56.430939226519335
Std: 71.18943377981546

Total Service Time Statistics:
Min: 8
Max: 395
Mean: 92.59668508287292
Std: 85.33670429575652
