iteration: 59
System used: dual
Number of floors: 40
Number of passengers: 187
traffic: low
Waiting Time Statistics:
Min: 0
Max: 360
Mean: 60.8235294117647
Std: 74.20884422809608

Total Service Time Statistics:
Min: 5
Max: 423
Mean: 94.41176470588235
Std: 87.38627922237814
