iteration: 12
System used: dual
Number of floors: 40
Number of passengers: 172
traffic: low
Waiting Time Statistics:
Min: 0
Max: 317
Mean: 63.36046511627907
Std: 80.2866083508586

Total Service Time Statistics:
Min: 8
Max: 396
Mean: 97.98255813953489
Std: 93.6640427825786
