iteration: 14
System used: dual
Number of floors: 20
Number of passengers: 119
traffic: low
Waiting Time Statistics:
Min: 0
Max: 165
Mean: 26.30252100840336
Std: 34.3843072754272

Total Service Time Statistics:
Min: 6
Max: 184
Mean: 49.36974789915966
Std: 40.157078348173314
