iteration: 93
System used: dual
Number of floors: 5
Number of passengers: 61
traffic: low
Waiting Time Statistics:
Min: 0
Max: 32
Mean: 8.131147540983607
Std: 6.092277652449495

Total Service Time Statistics:
Min: 7
Max: 43
Mean: 17.918032786885245
Std: 6.926507253460465
