iteration: 75
System used: dual
Number of floors: 40
Number of passengers: 192
traffic: low
Waiting Time Statistics:
Min: 0
Max: 307
Mean: 62.588541666666664
Std: 75.22616840250349

Total Service Time Statistics:
Min: 11
Max: 377
Mean: 95.54166666666667
Std: 88.49686203407347
