iteration: 52
System used: dual
Number of floors: 20
Number of passengers: 126
traffic: low
Waiting Time Statistics:
Min: 0
Max: 167
Mean: 25.206349206349206
Std: 32.84297610395683

Total Service Time Statistics:
Min: 5
Max: 208
Mean: 48.714285714285715
Std: 39.61491782505315
