iteration: 12
System used: dual
Number of floors: 5
Number of passengers: 42
traffic: low
Waiting Time Statistics:
Min: 1
Max: 53
Mean: 9.69047619047619
Std: 9.493227612325498

Total Service Time Statistics:
Min: 8
Max: 72
Mean: 23.19047619047619
Std: 11.039260524982806
