iteration: 37
System used: dual
Number of floors: 20
Number of passengers: 144
traffic: low
Waiting Time Statistics:
Min: 0
Max: 240
Mean: 30.645833333333332
Std: 39.18924298496037

Total Service Time Statistics:
Min: 5
Max: 262
Mean: 54.145833333333336
Std: 43.14441009421292
