iteration: 70
System used: dual
Number of floors: 40
Number of passengers: 186
traffic: low
Waiting Time Statistics:
Min: 0
Max: 465
Mean: 67.88709677419355
Std: 84.2313618499267

Total Service Time Statistics:
Min: 8
Max: 514
Mean: 101.54838709677419
Std: 97.85372604089832
