iteration: 83
System used: dual
Number of floors: 40
Number of passengers: 188
traffic: low
Waiting Time Statistics:
Min: 0
Max: 461
Mean: 65.63829787234043
Std: 79.97156594474134

Total Service Time Statistics:
Min: 6
Max: 499
Mean: 100.51595744680851
Std: 94.59610036302357
