iteration: 17
System used: dual
Number of floors: 40
Number of passengers: 167
traffic: low
Waiting Time Statistics:
Min: 0
Max: 314
Mean: 64.03592814371258
Std: 72.3704402992219

Total Service Time Statistics:
Min: 6
Max: 409
Mean: 102.80239520958084
Std: 85.99539351076768
