iteration: 25
System used: dual
Number of floors: 40
Number of passengers: 192
traffic: low
Waiting Time Statistics:
Min: 0
Max: 364
Mean: 62.473958333333336
Std: 78.45070048945524

Total Service Time Statistics:
Min: 6
Max: 396
Mean: 94.09895833333333
Std: 91.85177906976533
