iteration: 24
System used: dual
Number of floors: 40
Number of passengers: 194
traffic: low
Waiting Time Statistics:
Min: 0
Max: 392
Mean: 64.9639175257732
Std: 84.89038184418301

Total Service Time Statistics:
Min: 6
Max: 430
Mean: 103.54639175257732
Std: 96.84510581641102
