iteration: 13
System used: dual
Number of floors: 5
Number of passengers: 46
traffic: low
Waiting Time Statistics:
Min: 0
Max: 34
Mean: 8.608695652173912
Std: 6.516571221362641

Total Service Time Statistics:
Min: 4
Max: 41
Mean: 20.304347826086957
Std: 8.23237393929166
