iteration: 30
System used: dual
Number of floors: 5
Number of passengers: 44
traffic: low
Waiting Time Statistics:
Min: 1
Max: 35
Mean: 10.113636363636363
Std: 7.70748928773225

Total Service Time Statistics:
Min: 7
Max: 51
Mean: 24.863636363636363
Std: 11.835286045198494
