iteration: 33
System used: dual
Number of floors: 40
Number of passengers: 185
traffic: low
Waiting Time Statistics:
Min: 0
Max: 410
Mean: 56.81621621621622
Std: 75.24553111644887

Total Service Time Statistics:
Min: 4
Max: 437
Mean: 94.42162162162163
Std: 88.86204236592252
