iteration: 49
System used: dual
Number of floors: 40
Number of passengers: 176
traffic: low
Waiting Time Statistics:
Min: 0
Max: 368
Mean: 62.80681818181818
Std: 83.71753295860626

Total Service Time Statistics:
Min: 7
Max: 406
Mean: 102.61931818181819
Std: 95.78229762832503
