iteration: 31
System used: dual
Number of floors: 20
Number of passengers: 133
traffic: low
Waiting Time Statistics:
Min: 0
Max: 157
Mean: 25.045112781954888
Std: 29.393842032286322

Total Service Time Statistics:
Min: 8
Max: 185
Mean: 47.142857142857146
Std: 35.622631310332224
