iteration: 74
System used: dual
Number of floors: 40
Number of passengers: 184
traffic: low
Waiting Time Statistics:
Min: 0
Max: 347
Mean: 67.84782608695652
Std: 77.92625556719435

Total Service Time Statistics:
Min: 7
Max: 436
Mean: 101.48913043478261
Std: 90.6902486085596
