iteration: 9
System used: dual
Number of floors: 40
Number of passengers: 183
traffic: low
Waiting Time Statistics:
Min: 0
Max: 347
Mean: 62.49180327868852
Std: 71.99922686187917

Total Service Time Statistics:
Min: 9
Max: 379
Mean: 97.8688524590164
Std: 85.43826421184514
