iteration: 43
System used: dual
Number of floors: 20
Number of passengers: 146
traffic: low
Waiting Time Statistics:
Min: 0
Max: 162
Mean: 26.13013698630137
Std: 30.36065141698814

Total Service Time Statistics:
Min: 7
Max: 203
Mean: 47.78082191780822
Std: 37.72870363450726
