iteration: 14
System used: dual
Number of floors: 40
Number of passengers: 185
traffic: low
Waiting Time Statistics:
Min: 0
Max: 377
Mean: 64.96216216216216
Std: 78.83033290938201

Total Service Time Statistics:
Min: 7
Max: 412
Mean: 102.62162162162163
Std: 92.81900086334207
