iteration: 11
System used: dual
Number of floors: 40
Number of passengers: 175
traffic: low
Waiting Time Statistics:
Min: 0
Max: 346
Mean: 61.925714285714285
Std: 75.89519521560274

Total Service Time Statistics:
Min: 5
Max: 398
Mean: 96.06285714285714
Std: 90.04814512284905
