iteration: 12
System used: dual
Number of floors: 20
Number of passengers: 111
traffic: low
Waiting Time Statistics:
Min: 0
Max: 152
Mean: 29.405405405405407
Std: 34.014536565837524

Total Service Time Statistics:
Min: 6
Max: 196
Mean: 50.711711711711715
Std: 38.36176775417454
