iteration: 72
System used: dual
Number of floors: 20
Number of passengers: 112
traffic: low
Waiting Time Statistics:
Min: 0
Max: 152
Mean: 29.642857142857142
Std: 33.239739903920864

Total Service Time Statistics:
Min: 8
Max: 181
Mean: 49.607142857142854
Std: 37.79350178732816
