iteration: 7
System used: dual
Number of floors: 20
Number of passengers: 139
traffic: low
Waiting Time Statistics:
Min: 0
Max: 153
Mean: 29.0431654676259
Std: 31.681355213564874

Total Service Time Statistics:
Min: 8
Max: 188
Mean: 49.798561151079134
Std: 37.381538467598766
