iteration: 85
System used: dual
Number of floors: 20
Number of passengers: 155
traffic: low
Waiting Time Statistics:
Min: 0
Max: 158
Mean: 24.916129032258066
Std: 29.421688889764635

Total Service Time Statistics:
Min: 5
Max: 200
Mean: 46.71612903225807
Std: 35.79156013819598
