iteration: 9
System used: dual
Number of floors: 20
Number of passengers: 135
traffic: low
Waiting Time Statistics:
Min: 0
Max: 271
Mean: 26.103703703703705
Std: 37.47541962049857

Total Service Time Statistics:
Min: 7
Max: 342
Mean: 50.91851851851852
Std: 47.158046725062334
