iteration: 92
System used: dual
Number of floors: 20
Number of passengers: 132
traffic: low
Waiting Time Statistics:
Min: 0
Max: 220
Mean: 31.25
Std: 39.85879178352936

Total Service Time Statistics:
Min: 9
Max: 260
Mean: 51.833333333333336
Std: 44.64502342981069
