iteration: 58
System used: dual
Number of floors: 5
Number of passengers: 37
traffic: low
Waiting Time Statistics:
Min: 0
Max: 49
Mean: 8.378378378378379
Std: 8.483157664688543

Total Service Time Statistics:
Min: 7
Max: 64
Mean: 18.594594594594593
Std: 10.58683527221809
