iteration: 39
System used: dual
Number of floors: 40
Number of passengers: 167
traffic: low
Waiting Time Statistics:
Min: 1
Max: 360
Mean: 63.91017964071856
Std: 84.33630514570925

Total Service Time Statistics:
Min: 6
Max: 409
Mean: 103.8502994011976
Std: 97.63286459952826
