iteration: 67
System used: dual
Number of floors: 40
Number of passengers: 171
traffic: low
Waiting Time Statistics:
Min: 0
Max: 364
Mean: 61.08187134502924
Std: 75.71466769862205

Total Service Time Statistics:
Min: 6
Max: 392
Mean: 97.60233918128655
Std: 86.79248270051718
