iteration: 2
System used: dual
Number of floors: 20
Number of passengers: 136
traffic: low
Waiting Time Statistics:
Min: 0
Max: 154
Mean: 26.63235294117647
Std: 27.925246462264457

Total Service Time Statistics:
Min: 4
Max: 186
Mean: 49.88235294117647
Std: 34.582602953150456
