iteration: 60
System used: dual
Number of floors: 20
Number of passengers: 135
traffic: low
Waiting Time Statistics:
Min: 0
Max: 141
Mean: 20.85925925925926
Std: 23.608170531939127

Total Service Time Statistics:
Min: 5
Max: 171
Mean: 42.48148148148148
Std: 32.383165852409405
