iteration: 18
System used: dual
Number of floors: 40
Number of passengers: 201
traffic: low
Waiting Time Statistics:
Min: 0
Max: 332
Mean: 65.46268656716418
Std: 76.36065643213308

Total Service Time Statistics:
Min: 4
Max: 414
Mean: 102.4726368159204
Std: 91.9512397823566
