iteration: 79
System used: dual
Number of floors: 20
Number of passengers: 126
traffic: low
Waiting Time Statistics:
Min: 0
Max: 177
Mean: 26.80952380952381
Std: 30.3649045539654

Total Service Time Statistics:
Min: 4
Max: 204
Mean: 51.0
Std: 40.8503610755156
