iteration: 96
System used: dual
Number of floors: 5
Number of passengers: 52
traffic: low
Waiting Time Statistics:
Min: 0
Max: 36
Mean: 8.096153846153847
Std: 6.508695888728072

Total Service Time Statistics:
Min: 4
Max: 51
Mean: 18.76923076923077
Std: 8.76851628430114
