iteration: 25
System used: dual
Number of floors: 20
Number of passengers: 142
traffic: low
Waiting Time Statistics:
Min: 0
Max: 168
Mean: 32.99295774647887
Std: 37.21196644238034

Total Service Time Statistics:
Min: 6
Max: 209
Mean: 54.07746478873239
Std: 45.27364770488285
