iteration: 33
System used: dual
Number of floors: 20
Number of passengers: 134
traffic: low
Waiting Time Statistics:
Min: 0
Max: 204
Mean: 29.79850746268657
Std: 35.779773311281765

Total Service Time Statistics:
Min: 8
Max: 217
Mean: 50.507462686567166
Std: 41.866911633821715
