iteration: 26
System used: dual
Number of floors: 40
Number of passengers: 192
traffic: low
Waiting Time Statistics:
Min: 0
Max: 350
Mean: 68.94791666666667
Std: 82.12484045476597

Total Service Time Statistics:
Min: 7
Max: 428
Mean: 104.02604166666667
Std: 97.59830243222831
