iteration: 73
System used: dual
Number of floors: 20
Number of passengers: 140
traffic: low
Waiting Time Statistics:
Min: 0
Max: 156
Mean: 27.428571428571427
Std: 31.813110472641643

Total Service Time Statistics:
Min: 7
Max: 203
Mean: 48.73571428571429
Std: 39.26622117527234
