iteration: 10
System used: dual
Number of floors: 5
Number of passengers: 61
traffic: low
Waiting Time Statistics:
Min: 0
Max: 31
Mean: 7.639344262295082
Std: 6.5524366635251186

Total Service Time Statistics:
Min: 6
Max: 42
Mean: 17.983606557377048
Std: 7.817697451463759
