iteration: 48
System used: dual
Number of floors: 20
Number of passengers: 139
traffic: low
Waiting Time Statistics:
Min: 0
Max: 174
Mean: 26.258992805755394
Std: 30.99820895468799

Total Service Time Statistics:
Min: 7
Max: 192
Mean: 46.45323741007194
Std: 36.732527744707305
