iteration: 99
System used: dual
Number of floors: 5
Number of passengers: 60
traffic: low
Waiting Time Statistics:
Min: 0
Max: 32
Mean: 8.866666666666667
Std: 6.271989565308972

Total Service Time Statistics:
Min: 7
Max: 73
Mean: 21.35
Std: 10.006480950711351
