iteration: 35
System used: dual
Number of floors: 5
Number of passengers: 56
traffic: low
Waiting Time Statistics:
Min: 0
Max: 54
Mean: 8.0
Std: 8.081404018429652

Total Service Time Statistics:
Min: 7
Max: 68
Mean: 19.267857142857142
Std: 9.126367536735764
