iteration: 94
System used: dual
Number of floors: 40
Number of passengers: 176
traffic: low
Waiting Time Statistics:
Min: 0
Max: 446
Mean: 63.45454545454545
Std: 79.29387064633636

Total Service Time Statistics:
Min: 7
Max: 505
Mean: 97.8125
Std: 93.3867782779921
