iteration: 62
System used: dual
Number of floors: 20
Number of passengers: 117
traffic: low
Waiting Time Statistics:
Min: 0
Max: 163
Mean: 25.88888888888889
Std: 32.89161348349899

Total Service Time Statistics:
Min: 6
Max: 228
Mean: 50.88034188034188
Std: 42.00229106911341
