iteration: 56
System used: dual
Number of floors: 40
Number of passengers: 175
traffic: low
Waiting Time Statistics:
Min: 0
Max: 274
Mean: 59.817142857142855
Std: 67.6358636321078

Total Service Time Statistics:
Min: 4
Max: 369
Mean: 94.51428571428572
Std: 83.1926069564883
