iteration: 0
System used: dual
Number of floors: 20
Number of passengers: 143
traffic: low
Waiting Time Statistics:
Min: 0
Max: 144
Mean: 25.412587412587413
Std: 27.505525353068446

Total Service Time Statistics:
Min: 4
Max: 180
Mean: 45.18881118881119
Std: 32.7865377407783
