iteration: 42
System used: dual
Number of floors: 40
Number of passengers: 189
traffic: low
Waiting Time Statistics:
Min: 0
Max: 350
Mean: 63.33862433862434
Std: 71.78166985996302

Total Service Time Statistics:
Min: 8
Max: 365
Mean: 98.29100529100529
Std: 85.42462755630223
