iteration: 55
System used: dual
Number of floors: 40
Number of passengers: 203
traffic: low
Waiting Time Statistics:
Min: 1
Max: 308
Mean: 62.610837438423644
Std: 67.76920122329716

Total Service Time Statistics:
Min: 6
Max: 363
Mean: 97.76847290640394
Std: 81.44992138848934
