iteration: 4
System used: dual
Number of floors: 20
Number of passengers: 122
traffic: low
Waiting Time Statistics:
Min: 0
Max: 226
Mean: 29.42622950819672
Std: 35.42187726492887

Total Service Time Statistics:
Min: 7
Max: 243
Mean: 52.81147540983606
Std: 42.973628655125765
