iteration: 66
System used: dual
Number of floors: 5
Number of passengers: 48
traffic: low
Waiting Time Statistics:
Min: 0
Max: 44
Mean: 8.791666666666666
Std: 8.402021877572427

Total Service Time Statistics:
Min: 6
Max: 59
Mean: 20.375
Std: 10.04802298750589
