iteration: 56
System used: dual
Number of floors: 5
Number of passengers: 52
traffic: low
Waiting Time Statistics:
Min: 0
Max: 40
Mean: 9.192307692307692
Std: 8.371376211124128

Total Service Time Statistics:
Min: 7
Max: 51
Mean: 20.73076923076923
Std: 9.397779012994182
