iteration: 5
System used: dual
Number of floors: 20
Number of passengers: 147
traffic: low
Waiting Time Statistics:
Min: 0
Max: 185
Mean: 25.17687074829932
Std: 32.38080369099817

Total Service Time Statistics:
Min: 6
Max: 232
Mean: 45.775510204081634
Std: 38.65013351593436
