iteration: 34
System used: dual
Number of floors: 5
Number of passengers: 61
traffic: low
Waiting Time Statistics:
Min: 0
Max: 33
Mean: 8.344262295081966
Std: 7.124804666098197

Total Service Time Statistics:
Min: 7
Max: 46
Mean: 19.295081967213115
Std: 8.422874137915715
