iteration: 84
System used: dual
Number of floors: 20
Number of passengers: 125
traffic: low
Waiting Time Statistics:
Min: 0
Max: 169
Mean: 29.808
Std: 36.07042752637518

Total Service Time Statistics:
Min: 5
Max: 198
Mean: 52.784
Std: 42.91826139640704
