iteration: 97
System used: dual
Number of floors: 40
Number of passengers: 207
traffic: low
Waiting Time Statistics:
Min: 0
Max: 499
Mean: 63.429951690821255
Std: 82.83029598819986

Total Service Time Statistics:
Min: 5
Max: 541
Mean: 99.487922705314
Std: 96.9083171910932
