iteration: 58
System used: dual
Number of floors: 40
Number of passengers: 197
traffic: low
Waiting Time Statistics:
Min: 0
Max: 452
Mean: 64.09137055837563
Std: 78.27686196463394

Total Service Time Statistics:
Min: 7
Max: 497
Mean: 97.78172588832487
Std: 91.70570760432632
