iteration: 40
System used: dual
Number of floors: 20
Number of passengers: 144
traffic: low
Waiting Time Statistics:
Min: 0
Max: 150
Mean: 22.9375
Std: 27.974568558138408

Total Service Time Statistics:
Min: 7
Max: 166
Mean: 45.701388888888886
Std: 35.313794103743
