iteration: 93
System used: dual
Number of floors: 20
Number of passengers: 119
traffic: low
Waiting Time Statistics:
Min: 0
Max: 181
Mean: 25.941176470588236
Std: 32.78028916782495

Total Service Time Statistics:
Min: 4
Max: 215
Mean: 46.378151260504204
Std: 38.53723526198971
