iteration: 16
System used: dual
Number of floors: 20
Number of passengers: 133
traffic: low
Waiting Time Statistics:
Min: 0
Max: 156
Mean: 23.954887218045112
Std: 32.13792828213242

Total Service Time Statistics:
Min: 5
Max: 190
Mean: 45.94736842105263
Std: 38.01859907463827
