iteration: 65
System used: dual
Number of floors: 20
Number of passengers: 118
traffic: low
Waiting Time Statistics:
Min: 0
Max: 180
Mean: 28.194915254237287
Std: 32.789475712705816

Total Service Time Statistics:
Min: 8
Max: 225
Mean: 51.686440677966104
Std: 37.57060570264967
