iteration: 78
System used: dual
Number of floors: 40
Number of passengers: 195
traffic: low
Waiting Time Statistics:
Min: 0
Max: 500
Mean: 78.23589743589744
Std: 99.38463105681234

Total Service Time Statistics:
Min: 6
Max: 544
Mean: 119.44102564102565
Std: 112.69537609306369
