iteration: 37
System used: dual
Number of floors: 40
Number of passengers: 176
traffic: low
Waiting Time Statistics:
Min: 0
Max: 360
Mean: 62.19886363636363
Std: 76.24187225151009

Total Service Time Statistics:
Min: 11
Max: 391
Mean: 99.11931818181819
Std: 87.23434757080433
