iteration: 86
System used: dual
Number of floors: 5
Number of passengers: 53
traffic: low
Waiting Time Statistics:
Min: 0
Max: 39
Mean: 9.0
Std: 7.554927072905673

Total Service Time Statistics:
Min: 5
Max: 48
Mean: 20.867924528301888
Std: 9.63375023998973
