iteration: 25
System used: dual
Number of floors: 5
Number of passengers: 61
traffic: low
Waiting Time Statistics:
Min: 0
Max: 25
Mean: 8.721311475409836
Std: 6.028076386214162

Total Service Time Statistics:
Min: 7
Max: 48
Mean: 20.901639344262296
Std: 8.893265088505247
