iteration: 81
System used: dual
Number of floors: 40
Number of passengers: 186
traffic: low
Waiting Time Statistics:
Min: 0
Max: 329
Mean: 65.79032258064517
Std: 80.8537826951318

Total Service Time Statistics:
Min: 10
Max: 432
Mean: 98.22043010752688
Std: 97.55840835014688
