iteration: 29
System used: dual
Number of floors: 20
Number of passengers: 146
traffic: low
Waiting Time Statistics:
Min: 0
Max: 149
Mean: 23.171232876712327
Std: 25.021469288714524

Total Service Time Statistics:
Min: 8
Max: 166
Mean: 46.45205479452055
Std: 32.9224966983391
