iteration: 7
System used: dual
Number of floors: 40
Number of passengers: 188
traffic: low
Waiting Time Statistics:
Min: 0
Max: 415
Mean: 60.1968085106383
Std: 74.5324721280908

Total Service Time Statistics:
Min: 9
Max: 449
Mean: 94.79255319148936
Std: 87.30587050400675
