iteration: 41
System used: dual
Number of floors: 40
Number of passengers: 193
traffic: low
Waiting Time Statistics:
Min: 0
Max: 308
Mean: 61.0
Std: 72.67013084250411

Total Service Time Statistics:
Min: 6
Max: 396
Mean: 96.48186528497409
Std: 85.44882077303694
