iteration: 8
System used: dual
Number of floors: 40
Number of passengers: 192
traffic: low
Waiting Time Statistics:
Min: 0
Max: 321
Mean: 64.14583333333333
Std: 76.20514874068469

Total Service Time Statistics:
Min: 7
Max: 384
Mean: 97.94270833333333
Std: 90.65331145904379
