iteration: 63
System used: dual
Number of floors: 40
Number of passengers: 168
traffic: low
Waiting Time Statistics:
Min: 0
Max: 280
Mean: 58.82142857142857
Std: 67.79922114866899

Total Service Time Statistics:
Min: 11
Max: 347
Mean: 91.82738095238095
Std: 80.44040431892253
