iteration: 5
System used: dual
Number of floors: 40
Number of passengers: 181
traffic: low
Waiting Time Statistics:
Min: 0
Max: 302
Mean: 62.85635359116022
Std: 74.86885813033977

Total Service Time Statistics:
Min: 10
Max: 371
Mean: 96.53591160220995
Std: 86.10358801965694
