iteration: 75
System used: dual
Number of floors: 20
Number of passengers: 122
traffic: low
Waiting Time Statistics:
Min: 0
Max: 184
Mean: 23.483606557377048
Std: 26.142405185229553

Total Service Time Statistics:
Min: 8
Max: 247
Mean: 48.278688524590166
Std: 36.458345368737575
