iteration: 1
System used: dual
Number of floors: 5
Number of passengers: 59
traffic: low
Waiting Time Statistics:
Min: 0
Max: 41
Mean: 8.661016949152541
Std: 8.453952696186734

Total Service Time Statistics:
Min: 4
Max: 50
Mean: 20.406779661016948
Std: 10.253878398402936
