iteration: 79
System used: dual
Number of floors: 40
Number of passengers: 195
traffic: low
Waiting Time Statistics:
Min: 0
Max: 384
Mean: 61.656410256410254
Std: 68.64355788122954

Total Service Time Statistics:
Min: 9
Max: 409
Mean: 95.61025641025641
Std: 77.79282489795585
