iteration: 21
System used: dual
Number of floors: 20
Number of passengers: 139
traffic: low
Waiting Time Statistics:
Min: 0
Max: 179
Mean: 28.805755395683452
Std: 33.35250413166572

Total Service Time Statistics:
Min: 6
Max: 227
Mean: 49.33812949640288
Std: 37.4234588825877
