iteration: 51
System used: dual
Number of floors: 20
Number of passengers: 119
traffic: low
Waiting Time Statistics:
Min: 0
Max: 145
Mean: 25.310924369747898
Std: 28.481557487871157

Total Service Time Statistics:
Min: 4
Max: 198
Mean: 47.7563025210084
Std: 35.31623873540585
