iteration: 61
System used: dual
Number of floors: 5
Number of passengers: 32
traffic: low
Waiting Time Statistics:
Min: 0
Max: 48
Mean: 9.0
Std: 9.820978205007167

Total Service Time Statistics:
Min: 5
Max: 63
Mean: 18.96875
Std: 11.526923252864112
