iteration: 64
System used: dual
Number of floors: 20
Number of passengers: 125
traffic: low
Waiting Time Statistics:
Min: 0
Max: 141
Mean: 24.976
Std: 28.466013691486044

Total Service Time Statistics:
Min: 5
Max: 194
Mean: 49.768
Std: 37.380591824652676
