iteration: 27
System used: dual
Number of floors: 5
Number of passengers: 67
traffic: low
Waiting Time Statistics:
Min: 0
Max: 33
Mean: 8.313432835820896
Std: 6.822886963883819

Total Service Time Statistics:
Min: 7
Max: 47
Mean: 19.71641791044776
Std: 9.11343658386666
