iteration: 66
System used: dual
Number of floors: 40
Number of passengers: 172
traffic: low
Waiting Time Statistics:
Min: 0
Max: 351
Mean: 67.79069767441861
Std: 81.88840163489225

Total Service Time Statistics:
Min: 10
Max: 475
Mean: 107.45348837209302
Std: 97.51223128878752
