iteration: 47
System used: dual
Number of floors: 5
Number of passengers: 49
traffic: low
Waiting Time Statistics:
Min: 0
Max: 37
Mean: 8.081632653061224
Std: 7.014380272856961

Total Service Time Statistics:
Min: 8
Max: 41
Mean: 20.183673469387756
Std: 8.187066704534036
