iteration: 23
System used: dual
Number of floors: 40
Number of passengers: 195
traffic: low
Waiting Time Statistics:
Min: 0
Max: 346
Mean: 53.49230769230769
Std: 68.98217080504935

Total Service Time Statistics:
Min: 4
Max: 406
Mean: 89.61538461538461
Std: 81.31997870973225
