iteration: 38
System used: dual
Number of floors: 5
Number of passengers: 49
traffic: low
Waiting Time Statistics:
Min: 0
Max: 34
Mean: 8.36734693877551
Std: 6.778316769766112

Total Service Time Statistics:
Min: 7
Max: 46
Mean: 19.06122448979592
Std: 8.72116239210048
