iteration: 78
System used: dual
Number of floors: 20
Number of passengers: 140
traffic: low
Waiting Time Statistics:
Min: 0
Max: 162
Mean: 26.478571428571428
Std: 32.63763724369422

Total Service Time Statistics:
Min: 5
Max: 217
Mean: 47.15714285714286
Std: 39.467912735067436
