iteration: 42
System used: dual
Number of floors: 20
Number of passengers: 136
traffic: low
Waiting Time Statistics:
Min: 0
Max: 212
Mean: 28.61764705882353
Std: 35.356398933344

Total Service Time Statistics:
Min: 7
Max: 231
Mean: 50.654411764705884
Std: 42.10487412208474
