iteration: 38
System used: dual
Number of floors: 40
Number of passengers: 200
traffic: low
Waiting Time Statistics:
Min: 0
Max: 424
Mean: 64.305
Std: 84.53402856202123

Total Service Time Statistics:
Min: 8
Max: 474
Mean: 99.97
Std: 99.28512871482616
