iteration: 57
System used: dual
Number of floors: 40
Number of passengers: 182
traffic: low
Waiting Time Statistics:
Min: 0
Max: 354
Mean: 66.04945054945055
Std: 76.28177464730906

Total Service Time Statistics:
Min: 6
Max: 406
Mean: 102.73626373626374
Std: 90.24850102547092
