iteration: 77
System used: dual
Number of floors: 40
Number of passengers: 189
traffic: low
Waiting Time Statistics:
Min: 0
Max: 471
Mean: 70.994708994709
Std: 79.20230609651016

Total Service Time Statistics:
Min: 4
Max: 485
Mean: 106.83068783068784
Std: 92.09068674498343
