iteration: 87
System used: dual
Number of floors: 20
Number of passengers: 130
traffic: low
Waiting Time Statistics:
Min: 0
Max: 152
Mean: 25.869230769230768
Std: 28.61272781826554

Total Service Time Statistics:
Min: 7
Max: 174
Mean: 50.738461538461536
Std: 36.2160942950352
