iteration: 64
System used: dual
Number of floors: 40
Number of passengers: 182
traffic: low
Waiting Time Statistics:
Min: 0
Max: 307
Mean: 64.21428571428571
Std: 79.33761144861215

Total Service Time Statistics:
Min: 5
Max: 397
Mean: 100.11538461538461
Std: 94.79960186302033
