iteration: 67
System used: dual
Number of floors: 20
Number of passengers: 134
traffic: low
Waiting Time Statistics:
Min: 0
Max: 131
Mean: 24.66417910447761
Std: 28.167582292028662

Total Service Time Statistics:
Min: 5
Max: 178
Mean: 45.78358208955224
Std: 35.42319064105404
