iteration: 38
System used: single
Number of floors: 40
Number of passengers: 768
traffic: moderate
Waiting Time Statistics:
Min: 3
Max: 6973
Mean: 1442.3111979166667
Std: 1614.72698279766

Total Service Time Statistics:
Min: 23
Max: 6977
Mean: 1487.33203125
Std: 1612.7972777454206
