iteration: 91
System used: single
Number of floors: 20
Number of passengers: 294
traffic: moderate
Waiting Time Statistics:
Min: 3
Max: 344
Mean: 51.085034013605444
Std: 45.94814090241212

Total Service Time Statistics:
Min: 8
Max: 379
Mean: 67.98299319727892
Std: 50.0604724740066
