iteration: 67
System used: single
Number of floors: 40
Number of passengers: 768
traffic: moderate
Waiting Time Statistics:
Min: 3
Max: 6426
Mean: 1499.3098958333333
Std: 1593.5249997097187

Total Service Time Statistics:
Min: 18
Max: 6461
Mean: 1544.7916666666667
Std: 1591.75805517506
