iteration: 83
System used: single
Number of floors: 40
Number of passengers: 828
traffic: moderate
Waiting Time Statistics:
Min: 3
Max: 7052
Mean: 1725.951690821256
Std: 1788.6736339770548

Total Service Time Statistics:
Min: 19
Max: 7092
Mean: 1771.2065217391305
Std: 1786.9369283989618
