iteration: 84
System used: single
Number of floors: 40
Number of passengers: 768
traffic: moderate
Waiting Time Statistics:
Min: 3
Max: 7120
Mean: 1514.6588541666667
Std: 1611.5573535579701

Total Service Time Statistics:
Min: 14
Max: 7137
Mean: 1560.0455729166667
Std: 1609.5237593614715
