iteration: 95
System used: single
Number of floors: 20
Number of passengers: 289
traffic: moderate
Waiting Time Statistics:
Min: 3
Max: 274
Mean: 45.996539792387544
Std: 39.25703212570613

Total Service Time Statistics:
Min: 8
Max: 321
Mean: 63.96193771626297
Std: 43.71342047432975
