iteration: 44
System used: single
Number of floors: 5
Number of passengers: 139
traffic: moderate
Waiting Time Statistics:
Min: 3
Max: 43
Mean: 9.136690647482014
Std: 6.8262084865727815

Total Service Time Statistics:
Min: 7
Max: 49
Mean: 14.820143884892087
Std: 7.624571072336996
