iteration: 33
System used: single
Number of floors: 40
Number of passengers: 806
traffic: moderate
Waiting Time Statistics:
Min: 3
Max: 7422
Mean: 1666.894540942928
Std: 1766.2053931318196

Total Service Time Statistics:
Min: 18
Max: 7453
Mean: 1712.4640198511165
Std: 1764.341199680537
