iteration: 15
System used: single
Number of floors: 40
Number of passengers: 762
traffic: moderate
Waiting Time Statistics:
Min: 3
Max: 6899
Mean: 1474.1456692913387
Std: 1623.0276564985404

Total Service Time Statistics:
Min: 16
Max: 6927
Mean: 1519.0787401574803
Std: 1621.8848484394196
