iteration: 32
System used: single
Number of floors: 20
Number of passengers: 277
traffic: moderate
Waiting Time Statistics:
Min: 3
Max: 247
Mean: 41.624548736462096
Std: 34.65664674044505

Total Service Time Statistics:
Min: 7
Max: 260
Mean: 57.02888086642599
Std: 37.358999117312415
