iteration: 90
System used: single
Number of floors: 20
Number of passengers: 282
traffic: moderate
Waiting Time Statistics:
Min: 3
Max: 294
Mean: 46.641843971631204
Std: 38.476263711352395

Total Service Time Statistics:
Min: 7
Max: 311
Mean: 62.93971631205674
Std: 42.50040716477789
