iteration: 47
System used: single
Number of floors: 40
Number of passengers: 736
traffic: moderate
Waiting Time Statistics:
Min: 3
Max: 6630
Mean: 1300.733695652174
Std: 1470.5559279227612

Total Service Time Statistics:
Min: 20
Max: 6635
Mean: 1345.1766304347825
Std: 1469.1711259518652
