iteration: 79
System used: single
Number of floors: 5
Number of passengers: 145
traffic: moderate
Waiting Time Statistics:
Min: 3
Max: 40
Mean: 8.779310344827586
Std: 6.902564907253721

Total Service Time Statistics:
Min: 7
Max: 49
Mean: 14.786206896551723
Std: 7.454665026098826
