iteration: 50
System used: single
Number of floors: 5
Number of passengers: 149
traffic: moderate
Waiting Time Statistics:
Min: 3
Max: 47
Mean: 9.04026845637584
Std: 7.163985749520731

Total Service Time Statistics:
Min: 7
Max: 59
Mean: 15.14765100671141
Std: 8.579025206805396
