iteration: 52
System used: single
Number of floors: 40
Number of passengers: 728
traffic: moderate
Waiting Time Statistics:
Min: 3
Max: 6787
Mean: 1360.9423076923076
Std: 1598.7878530758696

Total Service Time Statistics:
Min: 14
Max: 6800
Mean: 1406.0082417582419
Std: 1597.018440138939
