iteration: 59
System used: single
Number of floors: 40
Number of passengers: 757
traffic: moderate
Waiting Time Statistics:
Min: 3
Max: 6927
Mean: 1433.5085865257595
Std: 1605.794440346708

Total Service Time Statistics:
Min: 17
Max: 6939
Mean: 1479.2602377807134
Std: 1602.6797168427972
