iteration: 21
System used: single
Number of floors: 20
Number of passengers: 285
traffic: moderate
Waiting Time Statistics:
Min: 3
Max: 191
Mean: 46.31228070175439
Std: 35.31643709287523

Total Service Time Statistics:
Min: 8
Max: 249
Mean: 63.10175438596491
Std: 38.908978702503305
