iteration: 6
System used: single
Number of floors: 5
Number of passengers: 150
traffic: moderate
Waiting Time Statistics:
Min: 3
Max: 40
Mean: 9.406666666666666
Std: 6.9640463693496395

Total Service Time Statistics:
Min: 7
Max: 54
Mean: 15.84
Std: 8.936825254954014
