iteration: 25
System used: single
Number of floors: 20
Number of passengers: 306
traffic: moderate
Waiting Time Statistics:
Min: 3
Max: 503
Mean: 56.86274509803921
Std: 58.71180614912293

Total Service Time Statistics:
Min: 8
Max: 541
Mean: 75.50653594771242
Std: 64.23457235017743
