iteration: 29
System used: single
Number of floors: 20
Number of passengers: 292
traffic: moderate
Waiting Time Statistics:
Min: 3
Max: 283
Mean: 49.61643835616438
Std: 42.28861078002079

Total Service Time Statistics:
Min: 7
Max: 338
Mean: 67.53082191780823
Std: 47.46330550824357
