iteration: 72
System used: single
Number of floors: 40
Number of passengers: 772
traffic: moderate
Waiting Time Statistics:
Min: 3
Max: 7035
Mean: 1545.667098445596
Std: 1694.7474655658566

Total Service Time Statistics:
Min: 7
Max: 7050
Mean: 1591.3354922279793
Std: 1692.2055034092339
