iteration: 2
System used: single
Number of floors: 5
Number of passengers: 138
traffic: moderate
Waiting Time Statistics:
Min: 3
Max: 38
Mean: 9.0
Std: 6.574669373608286

Total Service Time Statistics:
Min: 7
Max: 47
Mean: 15.043478260869565
Std: 7.183587909857305
