iteration: 42
System used: single
Number of floors: 20
Number of passengers: 293
traffic: moderate
Waiting Time Statistics:
Min: 3
Max: 233
Mean: 45.24232081911263
Std: 36.612455550600096

Total Service Time Statistics:
Min: 8
Max: 255
Mean: 62.658703071672356
Std: 40.912949280883694
