iteration: 52
System used: single
Number of floors: 5
Number of passengers: 147
traffic: moderate
Waiting Time Statistics:
Min: 3
Max: 56
Mean: 9.312925170068027
Std: 7.509631004458824

Total Service Time Statistics:
Min: 7
Max: 61
Mean: 15.16326530612245
Std: 8.281883857169884
