iteration: 53
System used: single
Number of floors: 20
Number of passengers: 291
traffic: moderate
Waiting Time Statistics:
Min: 3
Max: 284
Mean: 47.09278350515464
Std: 41.17634468400185

Total Service Time Statistics:
Min: 8
Max: 339
Mean: 65.41237113402062
Std: 46.024300757539
