iteration: 89
System used: single
Number of floors: 20
Number of passengers: 297
traffic: moderate
Waiting Time Statistics:
Min: 3
Max: 561
Mean: 64.15824915824916
Std: 78.81691842083544

Total Service Time Statistics:
Min: 8
Max: 615
Mean: 83.91919191919192
Std: 84.26827455598041
