iteration: 91
System used: single
Number of floors: 40
Number of passengers: 735
traffic: moderate
Waiting Time Statistics:
Min: 3
Max: 6808
Mean: 1399.0190476190476
Std: 1597.3909098848483

Total Service Time Statistics:
Min: 10
Max: 6840
Mean: 1444.2367346938775
Std: 1595.052266877505
