iteration: 73
System used: single
Number of floors: 5
Number of passengers: 137
traffic: moderate
Waiting Time Statistics:
Min: 3
Max: 50
Mean: 7.744525547445256
Std: 6.47055456878708

Total Service Time Statistics:
Min: 7
Max: 54
Mean: 13.503649635036496
Std: 7.555796457795557
