iteration: 7
System used: single
Number of floors: 5
Number of passengers: 135
traffic: moderate
Waiting Time Statistics:
Min: 3
Max: 44
Mean: 8.007407407407408
Std: 5.895224852719684

Total Service Time Statistics:
Min: 7
Max: 53
Mean: 13.577777777777778
Std: 6.911451309528274
