iteration: 17
System used: single
Number of floors: 40
Number of passengers: 768
traffic: moderate
Waiting Time Statistics:
Min: 3
Max: 6743
Mean: 1414.04296875
Std: 1635.5442553441007

Total Service Time Statistics:
Min: 16
Max: 6766
Mean: 1458.4166666666667
Std: 1634.0073633404083
