iteration: 58
System used: single
Number of floors: 20
Number of passengers: 275
traffic: moderate
Waiting Time Statistics:
Min: 3
Max: 332
Mean: 52.38181818181818
Std: 55.92822920046431

Total Service Time Statistics:
Min: 7
Max: 379
Mean: 69.19272727272727
Std: 61.92020959003227
