iteration: 64
System used: single
Number of floors: 5
Number of passengers: 136
traffic: moderate
Waiting Time Statistics:
Min: 3
Max: 50
Mean: 8.566176470588236
Std: 6.743668861738067

Total Service Time Statistics:
Min: 7
Max: 56
Mean: 14.404411764705882
Std: 7.638478301502677
