iteration: 80
System used: single
Number of floors: 20
Number of passengers: 304
traffic: moderate
Waiting Time Statistics:
Min: 3
Max: 275
Mean: 50.598684210526315
Std: 39.41858968538114

Total Service Time Statistics:
Min: 9
Max: 292
Mean: 68.64473684210526
Std: 43.52229547290503
