iteration: 46
System used: single
Number of floors: 20
Number of passengers: 304
traffic: moderate
Waiting Time Statistics:
Min: 3
Max: 367
Mean: 52.8421052631579
Std: 47.59067846481449

Total Service Time Statistics:
Min: 11
Max: 418
Mean: 70.09210526315789
Std: 50.39060042046292
