iteration: 35
System used: single
Number of floors: 40
Number of passengers: 783
traffic: moderate
Waiting Time Statistics:
Min: 3
Max: 7239
Mean: 1561.1673052362707
Std: 1712.0926999288426

Total Service Time Statistics:
Min: 11
Max: 7245
Mean: 1606.85312899106
Std: 1710.0701904911498
