iteration: 53
System used: single
Number of floors: 40
Number of passengers: 753
traffic: moderate
Waiting Time Statistics:
Min: 3
Max: 6802
Mean: 1328.32802124834
Std: 1490.421830004755

Total Service Time Statistics:
Min: 11
Max: 6837
Mean: 1373.816733067729
Std: 1488.405347903064
