iteration: 14
System used: single
Number of floors: 40
Number of passengers: 760
traffic: moderate
Waiting Time Statistics:
Min: 3
Max: 6370
Mean: 1330.5934210526316
Std: 1526.8901741478428

Total Service Time Statistics:
Min: 18
Max: 6393
Mean: 1375.7710526315789
Std: 1525.4796365166878
