iteration: 78
System used: single
Number of floors: 5
Number of passengers: 152
traffic: moderate
Waiting Time Statistics:
Min: 3
Max: 49
Mean: 9.756578947368421
Std: 7.826763991363703

Total Service Time Statistics:
Min: 7
Max: 65
Mean: 15.835526315789474
Std: 9.629868050059386
