iteration: 76
System used: single
Number of floors: 5
Number of passengers: 128
traffic: moderate
Waiting Time Statistics:
Min: 3
Max: 46
Mean: 8.9921875
Std: 7.1392186141944025

Total Service Time Statistics:
Min: 7
Max: 50
Mean: 14.5546875
Std: 7.497830230759519
