iteration: 9
System used: single
Number of floors: 5
Number of passengers: 126
traffic: moderate
Waiting Time Statistics:
Min: 3
Max: 46
Mean: 7.626984126984127
Std: 6.51488649415675

Total Service Time Statistics:
Min: 7
Max: 51
Mean: 13.333333333333334
Std: 6.95586083817093
