iteration: 33
System used: single
Number of floors: 20
Number of passengers: 257
traffic: moderate
Waiting Time Statistics:
Min: 3
Max: 280
Mean: 44.583657587548636
Std: 41.23770893408478

Total Service Time Statistics:
Min: 10
Max: 307
Mean: 60.94163424124513
Std: 46.16276081844892
