iteration: 94
System used: single
Number of floors: 40
Number of passengers: 765
traffic: moderate
Waiting Time Statistics:
Min: 3
Max: 6846
Mean: 1449.4183006535948
Std: 1623.1955193092067

Total Service Time Statistics:
Min: 16
Max: 6875
Mean: 1494.5869281045752
Std: 1621.4282443763468
