iteration: 23
System used: single
Number of floors: 20
Number of passengers: 235
traffic: moderate
Waiting Time Statistics:
Min: 3
Max: 250
Mean: 42.340425531914896
Std: 41.99718987126526

Total Service Time Statistics:
Min: 12
Max: 307
Mean: 57.52340425531915
Std: 46.730204972133265
