iteration: 88
System used: single
Number of floors: 20
Number of passengers: 304
traffic: moderate
Waiting Time Statistics:
Min: 3
Max: 421
Mean: 51.31578947368421
Std: 44.04819158845182

Total Service Time Statistics:
Min: 7
Max: 456
Mean: 68.61842105263158
Std: 49.81873866579897
