iteration: 4
System used: single
Number of floors: 5
Number of passengers: 136
traffic: moderate
Waiting Time Statistics:
Min: 3
Max: 45
Mean: 8.323529411764707
Std: 6.915235303504303

Total Service Time Statistics:
Min: 7
Max: 53
Mean: 14.286764705882353
Std: 8.293601360652184
