iteration: 94
System used: single
Number of floors: 5
Number of passengers: 134
traffic: moderate
Waiting Time Statistics:
Min: 3
Max: 65
Mean: 9.171641791044776
Std: 8.788685582994571

Total Service Time Statistics:
Min: 7
Max: 73
Mean: 14.447761194029852
Std: 9.502328297336526
