iteration: 31
System used: single
Number of floors: 20
Number of passengers: 252
traffic: moderate
Waiting Time Statistics:
Min: 3
Max: 334
Mean: 46.111111111111114
Std: 45.01380438504056

Total Service Time Statistics:
Min: 8
Max: 348
Mean: 62.40079365079365
Std: 49.63694966731916
