iteration: 18
System used: single
Number of floors: 20
Number of passengers: 279
traffic: moderate
Waiting Time Statistics:
Min: 3
Max: 255
Mean: 47.24014336917563
Std: 37.92291074919753

Total Service Time Statistics:
Min: 7
Max: 271
Mean: 64.49462365591398
Std: 43.21136532549171
