iteration: 16
System used: single
Number of floors: 40
Number of passengers: 772
traffic: moderate
Waiting Time Statistics:
Min: 3
Max: 7023
Mean: 1471.339378238342
Std: 1652.3525135095415

Total Service Time Statistics:
Min: 28
Max: 7028
Mean: 1516.321243523316
Std: 1649.4499803826075
