iteration: 1
System used: single
Number of floors: 5
Number of passengers: 134
traffic: moderate
Waiting Time Statistics:
Min: 3
Max: 44
Mean: 8.940298507462687
Std: 6.73534186106476

Total Service Time Statistics:
Min: 7
Max: 48
Mean: 14.805970149253731
Std: 7.438446773696595
