iteration: 20
System used: single
Number of floors: 20
Number of passengers: 285
traffic: moderate
Waiting Time Statistics:
Min: 3
Max: 259
Mean: 50.01754385964912
Std: 38.289984729245475

Total Service Time Statistics:
Min: 9
Max: 266
Mean: 68.1859649122807
Std: 41.70829045242149
