iteration: 76
System used: single
Number of floors: 20
Number of passengers: 284
traffic: moderate
Waiting Time Statistics:
Min: 3
Max: 331
Mean: 48.320422535211264
Std: 46.745224867117386

Total Service Time Statistics:
Min: 8
Max: 348
Mean: 64.62676056338029
Std: 50.57431423302097
