iteration: 67
System used: single
Number of floors: 20
Number of passengers: 281
traffic: moderate
Waiting Time Statistics:
Min: 3
Max: 308
Mean: 45.519572953736656
Std: 42.36584466410053

Total Service Time Statistics:
Min: 8
Max: 316
Mean: 61.6085409252669
Std: 47.554515314448
