iteration: 41
System used: single
Number of floors: 5
Number of passengers: 131
traffic: moderate
Waiting Time Statistics:
Min: 3
Max: 55
Mean: 8.15267175572519
Std: 7.168814173415667

Total Service Time Statistics:
Min: 7
Max: 63
Mean: 13.977099236641221
Std: 7.899820493437676
