iteration: 32
System used: single
Number of floors: 40
Number of passengers: 809
traffic: moderate
Waiting Time Statistics:
Min: 3
Max: 7284
Mean: 1628.309023485785
Std: 1750.197569025829

Total Service Time Statistics:
Min: 20
Max: 7315
Mean: 1673.6489493201484
Std: 1748.357574495008
