iteration: 40
System used: single
Number of floors: 5
Number of passengers: 150
traffic: moderate
Waiting Time Statistics:
Min: 3
Max: 54
Mean: 9.486666666666666
Std: 7.7362015432428715

Total Service Time Statistics:
Min: 7
Max: 65
Mean: 15.166666666666666
Std: 8.494306554856301
