iteration: 50
System used: single
Number of floors: 20
Number of passengers: 274
traffic: moderate
Waiting Time Statistics:
Min: 3
Max: 328
Mean: 47.74817518248175
Std: 43.314660280240474

Total Service Time Statistics:
Min: 10
Max: 348
Mean: 65.58394160583941
Std: 47.56459149297946
