iteration: 63
System used: single
Number of floors: 40
Number of passengers: 760
traffic: moderate
Waiting Time Statistics:
Min: 3
Max: 6705
Mean: 1389.7907894736843
Std: 1569.3222775194213

Total Service Time Statistics:
Min: 12
Max: 6721
Mean: 1434.1328947368422
Std: 1566.263187851923
