iteration: 0
System used: single
Number of floors: 5
Number of passengers: 126
traffic: moderate
Waiting Time Statistics:
Min: 3
Max: 46
Mean: 8.825396825396826
Std: 7.263144624835021

Total Service Time Statistics:
Min: 7
Max: 54
Mean: 14.563492063492063
Std: 8.123542115846789
