iteration: 17
System used: single
Number of floors: 20
Number of passengers: 307
traffic: moderate
Waiting Time Statistics:
Min: 3
Max: 261
Mean: 53.042345276872965
Std: 40.086036944058144

Total Service Time Statistics:
Min: 10
Max: 303
Mean: 70.0456026058632
Std: 43.45681356970862
