iteration: 73
System used: single
Number of floors: 20
Number of passengers: 277
traffic: moderate
Waiting Time Statistics:
Min: 3
Max: 229
Mean: 44.11552346570397
Std: 35.37789283757817

Total Service Time Statistics:
Min: 10
Max: 283
Mean: 60.581227436823106
Std: 40.2525281581868
