iteration: 27
System used: single
Number of floors: 40
Number of passengers: 758
traffic: moderate
Waiting Time Statistics:
Min: 3
Max: 6921
Mean: 1402.9511873350923
Std: 1530.799980460192

Total Service Time Statistics:
Min: 11
Max: 6927
Mean: 1448.5580474934036
Std: 1529.4314512253368
