iteration: 9
System used: single
Number of floors: 20
Number of passengers: 275
traffic: moderate
Waiting Time Statistics:
Min: 3
Max: 354
Mean: 46.265454545454546
Std: 42.310273028142845

Total Service Time Statistics:
Min: 7
Max: 393
Mean: 62.97818181818182
Std: 46.751004871940076
