iteration: 42
System used: single
Number of floors: 40
Number of passengers: 743
traffic: moderate
Waiting Time Statistics:
Min: 3
Max: 6664
Mean: 1358.7819650067295
Std: 1518.0456290610955

Total Service Time Statistics:
Min: 13
Max: 6697
Mean: 1403.7806191117093
Std: 1515.598322085898
