iteration: 68
System used: single
Number of floors: 5
Number of passengers: 132
traffic: moderate
Waiting Time Statistics:
Min: 3
Max: 43
Mean: 7.643939393939394
Std: 6.020489919145108

Total Service Time Statistics:
Min: 7
Max: 50
Mean: 13.113636363636363
Std: 6.315675067751324
