iteration: 40
System used: single
Number of floors: 20
Number of passengers: 302
traffic: moderate
Waiting Time Statistics:
Min: 3
Max: 274
Mean: 55.36092715231788
Std: 44.31770151503878

Total Service Time Statistics:
Min: 7
Max: 344
Mean: 72.67549668874172
Std: 49.24891683634418
