iteration: 16
System used: single
Number of floors: 20
Number of passengers: 290
traffic: moderate
Waiting Time Statistics:
Min: 3
Max: 324
Mean: 58.744827586206895
Std: 54.87403370656914

Total Service Time Statistics:
Min: 9
Max: 351
Mean: 77.60689655172413
Std: 61.02337138660224
