iteration: 19
System used: single
Number of floors: 20
Number of passengers: 277
traffic: moderate
Waiting Time Statistics:
Min: 3
Max: 257
Mean: 46.25992779783393
Std: 36.14530283987219

Total Service Time Statistics:
Min: 8
Max: 275
Mean: 63.55595667870036
Std: 39.93048228454519
