iteration: 30
System used: single
Number of floors: 5
Number of passengers: 130
traffic: moderate
Waiting Time Statistics:
Min: 3
Max: 48
Mean: 8.830769230769231
Std: 7.657532605562151

Total Service Time Statistics:
Min: 7
Max: 60
Mean: 14.753846153846155
Std: 8.806323959608472
