iteration: 81
System used: single
Number of floors: 40
Number of passengers: 804
traffic: moderate
Waiting Time Statistics:
Min: 3
Max: 7194
Mean: 1540.818407960199
Std: 1704.3230278244073

Total Service Time Statistics:
Min: 19
Max: 7226
Mean: 1585.7325870646766
Std: 1702.3753025164447
