iteration: 3
System used: single
Number of floors: 40
Number of passengers: 765
traffic: moderate
Waiting Time Statistics:
Min: 3
Max: 6779
Mean: 1374.99477124183
Std: 1552.082208911209

Total Service Time Statistics:
Min: 13
Max: 6811
Mean: 1419.832679738562
Std: 1549.9368601322458
