iteration: 80
System used: single
Number of floors: 40
Number of passengers: 755
traffic: moderate
Waiting Time Statistics:
Min: 3
Max: 6535
Mean: 1453.0649006622516
Std: 1558.1060945529714

Total Service Time Statistics:
Min: 7
Max: 6567
Mean: 1498.5298013245033
Std: 1556.0142257262391
