iteration: 41
System used: single
Number of floors: 40
Number of passengers: 769
traffic: moderate
Waiting Time Statistics:
Min: 3
Max: 6989
Mean: 1553.4434330299089
Std: 1714.9683973450838

Total Service Time Statistics:
Min: 11
Max: 7029
Mean: 1598.0962288686605
Std: 1713.509775619799
