iteration: 77
System used: single
Number of floors: 5
Number of passengers: 136
traffic: moderate
Waiting Time Statistics:
Min: 3
Max: 54
Mean: 7.889705882352941
Std: 7.0989543247894344

Total Service Time Statistics:
Min: 7
Max: 65
Mean: 13.654411764705882
Std: 8.07775058207611
