iteration: 64
System used: single
Number of floors: 20
Number of passengers: 285
traffic: moderate
Waiting Time Statistics:
Min: 3
Max: 226
Mean: 47.34035087719298
Std: 36.957816930533355

Total Service Time Statistics:
Min: 7
Max: 285
Mean: 65.16140350877193
Std: 42.42809059176083
