iteration: 61
System used: single
Number of floors: 5
Number of passengers: 149
traffic: moderate
Waiting Time Statistics:
Min: 3
Max: 45
Mean: 9.302013422818792
Std: 8.449935788966473

Total Service Time Statistics:
Min: 7
Max: 56
Mean: 15.630872483221477
Std: 9.318210152698093
