iteration: 20
System used: single
Number of floors: 5
Number of passengers: 112
traffic: moderate
Waiting Time Statistics:
Min: 3
Max: 45
Mean: 8.303571428571429
Std: 6.94617567438058

Total Service Time Statistics:
Min: 7
Max: 58
Mean: 14.017857142857142
Std: 7.921895922469255
