iteration: 83
System used: single
Number of floors: 5
Number of passengers: 134
traffic: moderate
Waiting Time Statistics:
Min: 3
Max: 41
Mean: 8.044776119402986
Std: 6.184951020212929

Total Service Time Statistics:
Min: 7
Max: 51
Mean: 13.805970149253731
Std: 6.939564689106241
