iteration: 29
System used: single
Number of floors: 5
Number of passengers: 138
traffic: moderate
Waiting Time Statistics:
Min: 3
Max: 52
Mean: 8.471014492753623
Std: 7.538893826761011

Total Service Time Statistics:
Min: 8
Max: 62
Mean: 14.217391304347826
Std: 8.079657370088537
