iteration: 40
System used: single
Number of floors: 40
Number of passengers: 788
traffic: moderate
Waiting Time Statistics:
Min: 3
Max: 7021
Mean: 1511.1091370558377
Std: 1634.9069733333124

Total Service Time Statistics:
Min: 28
Max: 7031
Mean: 1556.7131979695432
Std: 1633.4205817634706
