iteration: 2
System used: single
Number of floors: 40
Number of passengers: 715
traffic: moderate
Waiting Time Statistics:
Min: 3
Max: 6093
Mean: 1258.9552447552448
Std: 1403.804646448045

Total Service Time Statistics:
Min: 21
Max: 6146
Mean: 1304.311888111888
Std: 1401.3881580548432
