iteration: 9
System used: single
Number of floors: 40
Number of passengers: 783
traffic: moderate
Waiting Time Statistics:
Min: 3
Max: 7287
Mean: 1534.0664112388251
Std: 1671.0855028191243

Total Service Time Statistics:
Min: 25
Max: 7321
Mean: 1579.5044699872285
Std: 1668.221946437554
