iteration: 35
System used: single
Number of floors: 20
Number of passengers: 262
traffic: moderate
Waiting Time Statistics:
Min: 3
Max: 212
Mean: 42.82442748091603
Std: 33.41885142994923

Total Service Time Statistics:
Min: 11
Max: 242
Mean: 59.103053435114504
Std: 38.122117631498085
