iteration: 82
System used: single
Number of floors: 5
Number of passengers: 131
traffic: moderate
Waiting Time Statistics:
Min: 3
Max: 43
Mean: 9.221374045801527
Std: 7.713414963890337

Total Service Time Statistics:
Min: 7
Max: 55
Mean: 15.244274809160306
Std: 8.377709989153393
