iteration: 26
System used: single
Number of floors: 5
Number of passengers: 133
traffic: moderate
Waiting Time Statistics:
Min: 3
Max: 50
Mean: 8.203007518796992
Std: 6.474611721710633

Total Service Time Statistics:
Min: 7
Max: 57
Mean: 14.022556390977444
Std: 7.38494185099851
