iteration: 74
System used: single
Number of floors: 40
Number of passengers: 756
traffic: moderate
Waiting Time Statistics:
Min: 3
Max: 6943
Mean: 1428.7460317460318
Std: 1585.5747278302279

Total Service Time Statistics:
Min: 14
Max: 6967
Mean: 1473.4642857142858
Std: 1583.406231960561
