iteration: 11
System used: single
Number of floors: 40
Number of passengers: 808
traffic: moderate
Waiting Time Statistics:
Min: 3
Max: 7288
Mean: 1539.6299504950496
Std: 1689.0016138220324

Total Service Time Statistics:
Min: 23
Max: 7300
Mean: 1584.6683168316831
Std: 1686.7042995697268
