iteration: 86
System used: single
Number of floors: 20
Number of passengers: 288
traffic: moderate
Waiting Time Statistics:
Min: 3
Max: 369
Mean: 48.62152777777778
Std: 44.39110885518579

Total Service Time Statistics:
Min: 7
Max: 427
Mean: 65.27430555555556
Std: 49.36041558469466
