iteration: 58
System used: single
Number of floors: 40
Number of passengers: 808
traffic: moderate
Waiting Time Statistics:
Min: 3
Max: 7381
Mean: 1557.5977722772277
Std: 1698.1418959354046

Total Service Time Statistics:
Min: 16
Max: 7396
Mean: 1602.9183168316831
Std: 1696.1269572262654
