iteration: 23
System used: single
Number of floors: 40
Number of passengers: 749
traffic: moderate
Waiting Time Statistics:
Min: 3
Max: 6832
Mean: 1348.9452603471295
Std: 1498.5703020573046

Total Service Time Statistics:
Min: 8
Max: 6861
Mean: 1394.3150867823765
Std: 1496.3716534292284
