iteration: 64
System used: single
Number of floors: 40
Number of passengers: 741
traffic: moderate
Waiting Time Statistics:
Min: 3
Max: 6869
Mean: 1433.7246963562752
Std: 1633.069360933269

Total Service Time Statistics:
Min: 16
Max: 6904
Mean: 1478.3778677462888
Std: 1629.9632213546909
