iteration: 24
System used: single
Number of floors: 5
Number of passengers: 141
traffic: moderate
Waiting Time Statistics:
Min: 3
Max: 50
Mean: 9.170212765957446
Std: 8.23837488032033

Total Service Time Statistics:
Min: 7
Max: 54
Mean: 14.97872340425532
Std: 9.30550381311004
