iteration: 41
System used: single
Number of floors: 20
Number of passengers: 281
traffic: moderate
Waiting Time Statistics:
Min: 3
Max: 344
Mean: 47.20996441281139
Std: 42.518761073354604

Total Service Time Statistics:
Min: 9
Max: 370
Mean: 64.79715302491103
Std: 48.61442458345127
