iteration: 43
System used: single
Number of floors: 40
Number of passengers: 781
traffic: moderate
Waiting Time Statistics:
Min: 3
Max: 7024
Mean: 1591.0998719590268
Std: 1678.5910927559073

Total Service Time Statistics:
Min: 15
Max: 7060
Mean: 1636.5121638924456
Std: 1675.7411858539597
