iteration: 70
System used: single
Number of floors: 40
Number of passengers: 790
traffic: moderate
Waiting Time Statistics:
Min: 3
Max: 7031
Mean: 1571.6594936708861
Std: 1707.2360319239292

Total Service Time Statistics:
Min: 10
Max: 7057
Mean: 1616.546835443038
Std: 1704.8070408699061
