iteration: 88
System used: single
Number of floors: 40
Number of passengers: 775
traffic: moderate
Waiting Time Statistics:
Min: 3
Max: 6805
Mean: 1500.8438709677419
Std: 1670.0502213233294

Total Service Time Statistics:
Min: 14
Max: 6838
Mean: 1546.2051612903226
Std: 1669.2807911382822
