iteration: 77
System used: single
Number of floors: 20
Number of passengers: 288
traffic: moderate
Waiting Time Statistics:
Min: 3
Max: 370
Mean: 55.798611111111114
Std: 47.11829280892963

Total Service Time Statistics:
Min: 7
Max: 375
Mean: 75.20138888888889
Std: 53.34622693666212
