iteration: 6
System used: single
Number of floors: 40
Number of passengers: 781
traffic: moderate
Waiting Time Statistics:
Min: 3
Max: 7210
Mean: 1541.2496798975671
Std: 1717.8596769326964

Total Service Time Statistics:
Min: 10
Max: 7231
Mean: 1587.1754161331626
Std: 1716.139056947156
