iteration: 96
System used: single
Number of floors: 20
Number of passengers: 314
traffic: moderate
Waiting Time Statistics:
Min: 3
Max: 561
Mean: 57.32165605095541
Std: 61.23005674508167

Total Service Time Statistics:
Min: 7
Max: 626
Mean: 76.1592356687898
Std: 67.78848041790879
