iteration: 98
System used: single
Number of floors: 40
Number of passengers: 768
traffic: moderate
Waiting Time Statistics:
Min: 3
Max: 6986
Mean: 1507.8567708333333
Std: 1621.337843228145

Total Service Time Statistics:
Min: 14
Max: 6996
Mean: 1553.19921875
Std: 1619.9927392595396
