iteration: 5
System used: single
Number of floors: 20
Number of passengers: 256
traffic: moderate
Waiting Time Statistics:
Min: 3
Max: 264
Mean: 44.28125
Std: 42.82365802070755

Total Service Time Statistics:
Min: 9
Max: 272
Mean: 59.625
Std: 45.784747867110745
