iteration: 96
System used: single
Number of floors: 5
Number of passengers: 142
traffic: moderate
Waiting Time Statistics:
Min: 3
Max: 49
Mean: 8.683098591549296
Std: 7.724300531402868

Total Service Time Statistics:
Min: 7
Max: 57
Mean: 14.52112676056338
Std: 8.783219259780441
