iteration: 44
System used: single
Number of floors: 20
Number of passengers: 284
traffic: moderate
Waiting Time Statistics:
Min: 3
Max: 266
Mean: 49.978873239436616
Std: 41.90506995307204

Total Service Time Statistics:
Min: 8
Max: 287
Mean: 67.62323943661971
Std: 46.61247981254187
