iteration: 69
System used: single
Number of floors: 5
Number of passengers: 137
traffic: moderate
Waiting Time Statistics:
Min: 3
Max: 60
Mean: 7.737226277372263
Std: 7.226656204424802

Total Service Time Statistics:
Min: 7
Max: 68
Mean: 13.430656934306569
Std: 8.087568183581984
