iteration: 24
System used: single
Number of floors: 40
Number of passengers: 765
traffic: moderate
Waiting Time Statistics:
Min: 3
Max: 6910
Mean: 1443.349019607843
Std: 1589.1737488210974

Total Service Time Statistics:
Min: 24
Max: 6941
Mean: 1488.6836601307189
Std: 1587.5925678769756
