iteration: 83
System used: single
Number of floors: 20
Number of passengers: 284
traffic: moderate
Waiting Time Statistics:
Min: 3
Max: 209
Mean: 47.514084507042256
Std: 40.7273509501088

Total Service Time Statistics:
Min: 7
Max: 271
Mean: 65.36267605633803
Std: 47.567755074722136
