iteration: 66
System used: single
Number of floors: 20
Number of passengers: 257
traffic: moderate
Waiting Time Statistics:
Min: 3
Max: 182
Mean: 43.416342412451364
Std: 33.58585380234208

Total Service Time Statistics:
Min: 9
Max: 200
Mean: 59.15175097276265
Std: 37.463893123082435
