iteration: 49
System used: single
Number of floors: 5
Number of passengers: 122
traffic: moderate
Waiting Time Statistics:
Min: 3
Max: 40
Mean: 8.147540983606557
Std: 6.108755579470456

Total Service Time Statistics:
Min: 7
Max: 47
Mean: 14.065573770491802
Std: 6.736771800808294
