iteration: 87
System used: single
Number of floors: 40
Number of passengers: 724
traffic: moderate
Waiting Time Statistics:
Min: 3
Max: 6768
Mean: 1350.256906077348
Std: 1535.6099243803492

Total Service Time Statistics:
Min: 13
Max: 6798
Mean: 1395.8301104972375
Std: 1534.364725027991
