iteration: 57
System used: single
Number of floors: 5
Number of passengers: 155
traffic: moderate
Waiting Time Statistics:
Min: 3
Max: 57
Mean: 9.07741935483871
Std: 7.686668746206556

Total Service Time Statistics:
Min: 7
Max: 61
Mean: 15.109677419354838
Std: 8.134875809790865
