iteration: 4
System used: single
Number of floors: 20
Number of passengers: 278
traffic: moderate
Waiting Time Statistics:
Min: 3
Max: 223
Mean: 46.83812949640288
Std: 32.649971435756775

Total Service Time Statistics:
Min: 10
Max: 243
Mean: 63.95323741007194
Std: 37.841412957336736
