iteration: 21
System used: single
Number of floors: 5
Number of passengers: 129
traffic: moderate
Waiting Time Statistics:
Min: 3
Max: 44
Mean: 8.116279069767442
Std: 6.138541035662434

Total Service Time Statistics:
Min: 7
Max: 50
Mean: 13.96124031007752
Std: 6.875458053803572
