iteration: 1
System used: single
Number of floors: 40
Number of passengers: 754
traffic: moderate
Waiting Time Statistics:
Min: 3
Max: 6670
Mean: 1356.1472148541113
Std: 1532.7433817987092

Total Service Time Statistics:
Min: 16
Max: 6695
Mean: 1401.3249336870026
Std: 1530.7362303460666
