iteration: 1
System used: single
Number of floors: 20
Number of passengers: 256
traffic: moderate
Waiting Time Statistics:
Min: 3
Max: 378
Mean: 52.68359375
Std: 57.215772235673874

Total Service Time Statistics:
Min: 10
Max: 389
Mean: 69.2421875
Std: 61.26839009636209
