iteration: 75
System used: single
Number of floors: 20
Number of passengers: 297
traffic: moderate
Waiting Time Statistics:
Min: 3
Max: 313
Mean: 50.85858585858586
Std: 42.395262858700534

Total Service Time Statistics:
Min: 9
Max: 344
Mean: 69.07407407407408
Std: 47.90539559305326
