iteration: 45
System used: single
Number of floors: 40
Number of passengers: 823
traffic: moderate
Waiting Time Statistics:
Min: 3
Max: 7387
Mean: 1652.6755771567437
Std: 1726.2036952635356

Total Service Time Statistics:
Min: 25
Max: 7417
Mean: 1698.1543134872418
Std: 1723.376597578995
