iteration: 18
System used: single
Number of floors: 40
Number of passengers: 783
traffic: moderate
Waiting Time Statistics:
Min: 3
Max: 6832
Mean: 1516.6411238825033
Std: 1609.1592800075887

Total Service Time Statistics:
Min: 13
Max: 6862
Mean: 1561.7088122605364
Std: 1607.9968219966731
