iteration: 8
System used: single
Number of floors: 5
Number of passengers: 127
traffic: moderate
Waiting Time Statistics:
Min: 3
Max: 55
Mean: 7.952755905511811
Std: 6.893588311251578

Total Service Time Statistics:
Min: 7
Max: 61
Mean: 13.692913385826772
Std: 7.512436050514731
