iteration: 34
System used: single
Number of floors: 40
Number of passengers: 769
traffic: moderate
Waiting Time Statistics:
Min: 3
Max: 6931
Mean: 1398.3120936280884
Std: 1502.919295998039

Total Service Time Statistics:
Min: 8
Max: 6949
Mean: 1443.7893368010402
Std: 1502.1604631748673
