iteration: 71
System used: single
Number of floors: 5
Number of passengers: 128
traffic: moderate
Waiting Time Statistics:
Min: 3
Max: 50
Mean: 8.140625
Std: 7.23261899722743

Total Service Time Statistics:
Min: 7
Max: 58
Mean: 13.9140625
Std: 7.692953462256284
