iteration: 93
System used: single
Number of floors: 20
Number of passengers: 292
traffic: moderate
Waiting Time Statistics:
Min: 3
Max: 330
Mean: 48.56164383561644
Std: 45.42006650451729

Total Service Time Statistics:
Min: 10
Max: 392
Mean: 65.98630136986301
Std: 49.98528804883165
