iteration: 82
System used: single
Number of floors: 20
Number of passengers: 315
traffic: moderate
Waiting Time Statistics:
Min: 3
Max: 412
Mean: 58.2
Std: 54.007855055013174

Total Service Time Statistics:
Min: 7
Max: 423
Mean: 77.65714285714286
Std: 58.353113852384396
