iteration: 6
System used: single
Number of floors: 20
Number of passengers: 262
traffic: moderate
Waiting Time Statistics:
Min: 3
Max: 246
Mean: 46.86641221374046
Std: 39.360516830483334

Total Service Time Statistics:
Min: 7
Max: 274
Mean: 65.63740458015268
Std: 45.657501951220745
