iteration: 74
System used: single
Number of floors: 5
Number of passengers: 141
traffic: moderate
Waiting Time Statistics:
Min: 3
Max: 41
Mean: 8.21985815602837
Std: 6.711495680208016

Total Service Time Statistics:
Min: 7
Max: 57
Mean: 14.163120567375886
Std: 8.02729639015277
