iteration: 78
System used: single
Number of floors: 20
Number of passengers: 288
traffic: moderate
Waiting Time Statistics:
Min: 3
Max: 177
Mean: 45.798611111111114
Std: 34.83281721105388

Total Service Time Statistics:
Min: 8
Max: 213
Mean: 63.579861111111114
Std: 39.93479717073508
