iteration: 24
System used: single
Number of floors: 20
Number of passengers: 278
traffic: moderate
Waiting Time Statistics:
Min: 3
Max: 285
Mean: 48.21582733812949
Std: 40.59098841675059

Total Service Time Statistics:
Min: 7
Max: 327
Mean: 65.46762589928058
Std: 44.929756995307436
