iteration: 55
System used: single
Number of floors: 40
Number of passengers: 799
traffic: moderate
Waiting Time Statistics:
Min: 3
Max: 7200
Mean: 1556.674593241552
Std: 1648.735374485701

Total Service Time Statistics:
Min: 12
Max: 7225
Mean: 1602.3466833541927
Std: 1646.7562909901628
