iteration: 22
System used: single
Number of floors: 5
Number of passengers: 140
traffic: moderate
Waiting Time Statistics:
Min: 3
Max: 61
Mean: 9.65
Std: 9.492840922346609

Total Service Time Statistics:
Min: 7
Max: 71
Mean: 15.757142857142858
Std: 10.955680126299997
