iteration: 99
System used: single
Number of floors: 40
Number of passengers: 765
traffic: moderate
Waiting Time Statistics:
Min: 3
Max: 6935
Mean: 1475.5803921568627
Std: 1644.7269941291545

Total Service Time Statistics:
Min: 17
Max: 6971
Mean: 1521.0496732026145
Std: 1643.0761136753192
