iteration: 69
System used: single
Number of floors: 40
Number of passengers: 784
traffic: moderate
Waiting Time Statistics:
Min: 3
Max: 6615
Mean: 1525.405612244898
Std: 1604.045800796857

Total Service Time Statistics:
Min: 25
Max: 6644
Mean: 1570.688775510204
Std: 1602.7140247994712
