iteration: 89
System used: single
Number of floors: 5
Number of passengers: 131
traffic: moderate
Waiting Time Statistics:
Min: 3
Max: 44
Mean: 9.17557251908397
Std: 7.218012635100451

Total Service Time Statistics:
Min: 7
Max: 52
Mean: 15.091603053435115
Std: 8.199859643901407
