iteration: 78
System used: single
Number of floors: 40
Number of passengers: 730
traffic: moderate
Waiting Time Statistics:
Min: 3
Max: 6377
Mean: 1348.2849315068493
Std: 1543.4005365979074

Total Service Time Statistics:
Min: 20
Max: 6408
Mean: 1393.354794520548
Std: 1541.199940966767
