iteration: 32
System used: single
Number of floors: 5
Number of passengers: 142
traffic: moderate
Waiting Time Statistics:
Min: 3
Max: 54
Mean: 9.147887323943662
Std: 7.1189958482867

Total Service Time Statistics:
Min: 7
Max: 60
Mean: 15.274647887323944
Std: 8.067221450528981
