iteration: 7
System used: single
Number of floors: 20
Number of passengers: 272
traffic: moderate
Waiting Time Statistics:
Min: 3
Max: 306
Mean: 47.75
Std: 39.6996565555334

Total Service Time Statistics:
Min: 9
Max: 316
Mean: 63.08455882352941
Std: 41.26742302948758
