iteration: 53
System used: single
Number of floors: 5
Number of passengers: 140
traffic: moderate
Waiting Time Statistics:
Min: 3
Max: 54
Mean: 9.521428571428572
Std: 7.64638237417718

Total Service Time Statistics:
Min: 7
Max: 73
Mean: 15.564285714285715
Std: 8.958104496866111
