iteration: 13
System used: single
Number of floors: 40
Number of passengers: 750
traffic: moderate
Waiting Time Statistics:
Min: 3
Max: 6209
Mean: 1316.0413333333333
Std: 1478.3445310080363

Total Service Time Statistics:
Min: 20
Max: 6246
Mean: 1361.6706666666666
Std: 1477.0287162558534
