iteration: 11
System used: single
Number of floors: 5
Number of passengers: 129
traffic: moderate
Waiting Time Statistics:
Min: 3
Max: 44
Mean: 8.426356589147288
Std: 6.122161579303569

Total Service Time Statistics:
Min: 7
Max: 52
Mean: 14.093023255813954
Std: 6.751668613740417
