iteration: 92
System used: single
Number of floors: 5
Number of passengers: 151
traffic: moderate
Waiting Time Statistics:
Min: 3
Max: 58
Mean: 9.52317880794702
Std: 8.01068822435467

Total Service Time Statistics:
Min: 7
Max: 66
Mean: 15.602649006622517
Std: 9.019297437678595
