iteration: 88
System used: single
Number of floors: 5
Number of passengers: 145
traffic: moderate
Waiting Time Statistics:
Min: 3
Max: 48
Mean: 9.413793103448276
Std: 7.823208178675584

Total Service Time Statistics:
Min: 7
Max: 59
Mean: 15.703448275862069
Std: 8.849140053897134
