iteration: 99
System used: single
Number of floors: 5
Number of passengers: 140
traffic: moderate
Waiting Time Statistics:
Min: 3
Max: 49
Mean: 7.9
Std: 6.455492335597962

Total Service Time Statistics:
Min: 7
Max: 56
Mean: 13.607142857142858
Std: 7.016626122127244
