iteration: 19
System used: single
Number of floors: 5
Number of passengers: 133
traffic: moderate
Waiting Time Statistics:
Min: 3
Max: 48
Mean: 8.421052631578947
Std: 7.003473733663747

Total Service Time Statistics:
Min: 7
Max: 55
Mean: 13.8796992481203
Std: 7.470180714605441
