iteration: 58
System used: single
Number of floors: 5
Number of passengers: 120
traffic: moderate
Waiting Time Statistics:
Min: 3
Max: 50
Mean: 7.758333333333334
Std: 6.497570112507196

Total Service Time Statistics:
Min: 7
Max: 56
Mean: 13.525
Std: 7.520238799176438
