iteration: 61
System used: single
Number of floors: 20
Number of passengers: 269
traffic: moderate
Waiting Time Statistics:
Min: 3
Max: 175
Mean: 45.19702602230483
Std: 33.89120860891805

Total Service Time Statistics:
Min: 9
Max: 211
Mean: 60.88104089219331
Std: 38.09641114588201
