iteration: 60
System used: single
Number of floors: 20
Number of passengers: 292
traffic: moderate
Waiting Time Statistics:
Min: 3
Max: 335
Mean: 48.18150684931507
Std: 42.93827505138357

Total Service Time Statistics:
Min: 8
Max: 371
Mean: 65.46232876712328
Std: 47.49673838020376
