iteration: 97
System used: single
Number of floors: 40
Number of passengers: 725
traffic: moderate
Waiting Time Statistics:
Min: 3
Max: 6689
Mean: 1301.1820689655171
Std: 1534.3779526608612

Total Service Time Statistics:
Min: 19
Max: 6709
Mean: 1346.3420689655172
Std: 1532.7828090545909
