iteration: 60
System used: single
Number of floors: 40
Number of passengers: 777
traffic: moderate
Waiting Time Statistics:
Min: 3
Max: 6848
Mean: 1386.4105534105533
Std: 1533.6186252364005

Total Service Time Statistics:
Min: 11
Max: 6852
Mean: 1431.3513513513512
Std: 1531.8855931385053
