iteration: 80
System used: single
Number of floors: 5
Number of passengers: 137
traffic: moderate
Waiting Time Statistics:
Min: 3
Max: 38
Mean: 8.437956204379562
Std: 6.133156410600611

Total Service Time Statistics:
Min: 7
Max: 47
Mean: 14.357664233576642
Std: 7.066633721308741
