iteration: 17
System used: single
Number of floors: 5
Number of passengers: 117
traffic: moderate
Waiting Time Statistics:
Min: 3
Max: 38
Mean: 7.444444444444445
Std: 5.639216814729232

Total Service Time Statistics:
Min: 7
Max: 47
Mean: 13.393162393162394
Std: 6.065671161313826
