iteration: 15
System used: single
Number of floors: 20
Number of passengers: 293
traffic: moderate
Waiting Time Statistics:
Min: 3
Max: 229
Mean: 47.65529010238908
Std: 38.85617069435132

Total Service Time Statistics:
Min: 8
Max: 244
Mean: 64.33788395904436
Std: 43.15072141367668
