iteration: 52
System used: single
Number of floors: 20
Number of passengers: 308
traffic: moderate
Waiting Time Statistics:
Min: 3
Max: 273
Mean: 52.59415584415584
Std: 38.54276652924744

Total Service Time Statistics:
Min: 9
Max: 286
Mean: 69.46753246753246
Std: 41.39004409569096
