iteration: 29
System used: single
Number of floors: 40
Number of passengers: 765
traffic: moderate
Waiting Time Statistics:
Min: 3
Max: 6770
Mean: 1388.2143790849673
Std: 1538.109635166808

Total Service Time Statistics:
Min: 13
Max: 6790
Mean: 1433.111111111111
Std: 1535.9967897628308
