iteration: 31
System used: single
Number of floors: 40
Number of passengers: 779
traffic: moderate
Waiting Time Statistics:
Min: 3
Max: 7184
Mean: 1516.7548138639281
Std: 1662.548321260553

Total Service Time Statistics:
Min: 13
Max: 7188
Mean: 1561.5507060333762
Std: 1660.7220131838465
