iteration: 28
System used: single
Number of floors: 20
Number of passengers: 284
traffic: moderate
Waiting Time Statistics:
Min: 3
Max: 216
Mean: 42.278169014084504
Std: 33.63801403405199

Total Service Time Statistics:
Min: 7
Max: 232
Mean: 57.82394366197183
Std: 37.92009439533186
