iteration: 28
System used: single
Number of floors: 40
Number of passengers: 749
traffic: moderate
Waiting Time Statistics:
Min: 3
Max: 6193
Mean: 1412.7463284379173
Std: 1554.9598623542104

Total Service Time Statistics:
Min: 19
Max: 6254
Mean: 1457.4419225634178
Std: 1553.6926519046149
