iteration: 75
System used: single
Number of floors: 5
Number of passengers: 134
traffic: moderate
Waiting Time Statistics:
Min: 3
Max: 50
Mean: 8.552238805970148
Std: 6.995774411151054

Total Service Time Statistics:
Min: 7
Max: 60
Mean: 14.365671641791044
Std: 8.21747728954283
