iteration: 86
System used: single
Number of floors: 5
Number of passengers: 149
traffic: moderate
Waiting Time Statistics:
Min: 3
Max: 55
Mean: 9.812080536912752
Std: 8.763691317417763

Total Service Time Statistics:
Min: 7
Max: 61
Mean: 16.046979865771814
Std: 10.567885806146565
