iteration: 51
System used: single
Number of floors: 5
Number of passengers: 138
traffic: moderate
Waiting Time Statistics:
Min: 3
Max: 43
Mean: 7.920289855072464
Std: 6.159748779362664

Total Service Time Statistics:
Min: 7
Max: 53
Mean: 13.710144927536232
Std: 6.766386326574071
