iteration: 47
System used: single
Number of floors: 20
Number of passengers: 303
traffic: moderate
Waiting Time Statistics:
Min: 3
Max: 167
Mean: 52.775577557755774
Std: 36.79740215752745

Total Service Time Statistics:
Min: 8
Max: 211
Mean: 71.20462046204621
Std: 42.77212504151967
