iteration: 66
System used: single
Number of floors: 5
Number of passengers: 140
traffic: moderate
Waiting Time Statistics:
Min: 3
Max: 47
Mean: 8.414285714285715
Std: 7.00460867226664

Total Service Time Statistics:
Min: 7
Max: 57
Mean: 14.25
Std: 7.79791984806426
