iteration: 48
System used: single
Number of floors: 40
Number of passengers: 812
traffic: moderate
Waiting Time Statistics:
Min: 3
Max: 7586
Mean: 1697.768472906404
Std: 1788.4847503364613

Total Service Time Statistics:
Min: 20
Max: 7609
Mean: 1743.1366995073893
Std: 1785.9746581182596
