iteration: 47
System used: single
Number of floors: 5
Number of passengers: 127
traffic: moderate
Waiting Time Statistics:
Min: 3
Max: 51
Mean: 9.062992125984252
Std: 7.72621596891714

Total Service Time Statistics:
Min: 7
Max: 62
Mean: 14.716535433070867
Std: 8.095557901885586
