iteration: 67
System used: single
Number of floors: 5
Number of passengers: 122
traffic: moderate
Waiting Time Statistics:
Min: 3
Max: 39
Mean: 8.532786885245901
Std: 6.958180186508952

Total Service Time Statistics:
Min: 7
Max: 47
Mean: 14.573770491803279
Std: 7.5261725511181785
