iteration: 74
System used: single
Number of floors: 20
Number of passengers: 329
traffic: moderate
Waiting Time Statistics:
Min: 3
Max: 503
Mean: 62.796352583586625
Std: 59.77996635077421

Total Service Time Statistics:
Min: 10
Max: 533
Mean: 82.45592705167174
Std: 64.49001650242049
