iteration: 70
System used: single
Number of floors: 5
Number of passengers: 139
traffic: moderate
Waiting Time Statistics:
Min: 3
Max: 60
Mean: 8.280575539568344
Std: 7.680229443449917

Total Service Time Statistics:
Min: 7
Max: 66
Mean: 13.79136690647482
Std: 8.202575435203338
