iteration: 5
System used: single
Number of floors: 5
Number of passengers: 120
traffic: moderate
Waiting Time Statistics:
Min: 3
Max: 44
Mean: 8.241666666666667
Std: 6.332516901526853

Total Service Time Statistics:
Min: 7
Max: 52
Mean: 14.316666666666666
Std: 7.25291402849654
