iteration: 21
System used: single
Number of floors: 40
Number of passengers: 772
traffic: moderate
Waiting Time Statistics:
Min: 3
Max: 6826
Mean: 1414.8380829015543
Std: 1573.958531484599

Total Service Time Statistics:
Min: 23
Max: 6841
Mean: 1460.2720207253885
Std: 1572.9719691279684
