iteration: 27
System used: single
Number of floors: 5
Number of passengers: 134
traffic: moderate
Waiting Time Statistics:
Min: 3
Max: 54
Mean: 7.507462686567164
Std: 7.366604454075688

Total Service Time Statistics:
Min: 7
Max: 58
Mean: 13.597014925373134
Std: 8.158320078977889
