iteration: 99
System used: single
Number of floors: 20
Number of passengers: 314
traffic: moderate
Waiting Time Statistics:
Min: 3
Max: 215
Mean: 52.57006369426752
Std: 41.12145800700807

Total Service Time Statistics:
Min: 7
Max: 254
Mean: 71.1656050955414
Std: 47.24727246839734
