iteration: 95
System used: single
Number of floors: 5
Number of passengers: 150
traffic: moderate
Waiting Time Statistics:
Min: 3
Max: 65
Mean: 9.926666666666666
Std: 9.579127663879152

Total Service Time Statistics:
Min: 7
Max: 79
Mean: 16.266666666666666
Std: 11.150987356089145
