iteration: 10
System used: single
Number of floors: 5
Number of passengers: 130
traffic: moderate
Waiting Time Statistics:
Min: 3
Max: 48
Mean: 8.284615384615385
Std: 7.174712932576311

Total Service Time Statistics:
Min: 7
Max: 55
Mean: 13.7
Std: 7.81535955418817
