iteration: 63
System used: single
Number of floors: 5
Number of passengers: 121
traffic: moderate
Waiting Time Statistics:
Min: 3
Max: 44
Mean: 7.669421487603306
Std: 6.522254760627987

Total Service Time Statistics:
Min: 7
Max: 51
Mean: 13.181818181818182
Std: 6.713171133426189
