iteration: 4
System used: single
Number of floors: 40
Number of passengers: 857
traffic: moderate
Waiting Time Statistics:
Min: 3
Max: 7752
Mean: 1711.115519253209
Std: 1788.0380418799277

Total Service Time Statistics:
Min: 22
Max: 7764
Mean: 1756.6161026837806
Std: 1787.0218668735774
