iteration: 10
System used: single
Number of floors: 40
Number of passengers: 727
traffic: moderate
Waiting Time Statistics:
Min: 3
Max: 6260
Mean: 1299.165061898212
Std: 1483.5013642683016

Total Service Time Statistics:
Min: 7
Max: 6295
Mean: 1344.8266850068776
Std: 1481.4470357669886
