iteration: 34
System used: single
Number of floors: 5
Number of passengers: 131
traffic: moderate
Waiting Time Statistics:
Min: 3
Max: 50
Mean: 8.801526717557252
Std: 6.783940138669409

Total Service Time Statistics:
Min: 7
Max: 63
Mean: 14.961832061068701
Std: 8.16597498079465
