iteration: 16
System used: single
Number of floors: 5
Number of passengers: 149
traffic: moderate
Waiting Time Statistics:
Min: 3
Max: 45
Mean: 8.328859060402685
Std: 6.891478240414746

Total Service Time Statistics:
Min: 7
Max: 53
Mean: 14.080536912751677
Std: 7.697416887294329
