iteration: 12
System used: single
Number of floors: 5
Number of passengers: 133
traffic: moderate
Waiting Time Statistics:
Min: 3
Max: 44
Mean: 8.353383458646617
Std: 7.0787726730267995

Total Service Time Statistics:
Min: 7
Max: 54
Mean: 14.293233082706767
Std: 8.5100492777899
