iteration: 26
System used: single
Number of floors: 40
Number of passengers: 747
traffic: moderate
Waiting Time Statistics:
Min: 3
Max: 6711
Mean: 1358.1834002677376
Std: 1499.2546163534248

Total Service Time Statistics:
Min: 11
Max: 6727
Mean: 1403.756358768407
Std: 1497.820663326218
