iteration: 12
System used: single
Number of floors: 40
Number of passengers: 784
traffic: moderate
Waiting Time Statistics:
Min: 3
Max: 7188
Mean: 1554.982142857143
Std: 1687.4263451122242

Total Service Time Statistics:
Min: 18
Max: 7212
Mean: 1599.6926020408164
Std: 1685.7337609460221
