iteration: 38
System used: single
Number of floors: 20
Number of passengers: 295
traffic: moderate
Waiting Time Statistics:
Min: 3
Max: 240
Mean: 47.07796610169491
Std: 38.64302027866546

Total Service Time Statistics:
Min: 7
Max: 293
Mean: 63.24406779661017
Std: 43.41864027733714
