iteration: 66
System used: single
Number of floors: 40
Number of passengers: 739
traffic: moderate
Waiting Time Statistics:
Min: 3
Max: 6786
Mean: 1346.8849797023004
Std: 1528.283656232336

Total Service Time Statistics:
Min: 20
Max: 6804
Mean: 1391.7956698240866
Std: 1525.5807957711281
