iteration: 65
System used: single
Number of floors: 20
Number of passengers: 269
traffic: moderate
Waiting Time Statistics:
Min: 3
Max: 248
Mean: 43.86617100371747
Std: 34.574448234669525

Total Service Time Statistics:
Min: 7
Max: 301
Mean: 59.84014869888476
Std: 39.42592366317147
