iteration: 55
System used: single
Number of floors: 5
Number of passengers: 119
traffic: moderate
Waiting Time Statistics:
Min: 3
Max: 43
Mean: 8.941176470588236
Std: 7.513032877005604

Total Service Time Statistics:
Min: 7
Max: 47
Mean: 14.495798319327731
Std: 7.921087442016086
