iteration: 62
System used: single
Number of floors: 5
Number of passengers: 127
traffic: moderate
Waiting Time Statistics:
Min: 3
Max: 52
Mean: 9.133858267716535
Std: 8.51642875888417

Total Service Time Statistics:
Min: 7
Max: 74
Mean: 15.464566929133857
Std: 11.012831819832424
