iteration: 22
System used: single
Number of floors: 20
Number of passengers: 291
traffic: moderate
Waiting Time Statistics:
Min: 3
Max: 170
Mean: 44.94158075601374
Std: 30.00655140378125

Total Service Time Statistics:
Min: 9
Max: 214
Mean: 61.893470790378004
Std: 35.28620408320694
