iteration: 84
System used: single
Number of floors: 5
Number of passengers: 117
traffic: moderate
Waiting Time Statistics:
Min: 3
Max: 49
Mean: 9.188034188034187
Std: 7.246796704860687

Total Service Time Statistics:
Min: 7
Max: 63
Mean: 15.316239316239317
Std: 8.484925347292725
