iteration: 45
System used: oscillation
Number of floors: 20
Number of passengers: 123
traffic: low
Waiting Time Statistics:
Min: 0
Max: 79
Mean: 37.73170731707317
Std: 23.58141570672352

Total Service Time Statistics:
Min: 10
Max: 144
Mean: 66.70731707317073
Std: 32.443325542414726
