iteration: 30
System used: oscillation
Number of floors: 40
Number of passengers: 212
traffic: low
Waiting Time Statistics:
Min: 0
Max: 268
Mean: 90.14622641509433
Std: 54.07790005900835

Total Service Time Statistics:
Min: 18
Max: 316
Mean: 146.12735849056602
Std: 61.57758414243565
