iteration: 80
System used: oscillation
Number of floors: 40
Number of passengers: 179
traffic: low
Waiting Time Statistics:
Min: 0
Max: 244
Mean: 72.41340782122904
Std: 52.05093701307872

Total Service Time Statistics:
Min: 18
Max: 274
Mean: 127.31843575418995
Std: 56.3565519735583
