iteration: 72
System used: oscillation
Number of floors: 20
Number of passengers: 134
traffic: low
Waiting Time Statistics:
Min: 0
Max: 77
Mean: 37.156716417910445
Std: 22.97460332975475

Total Service Time Statistics:
Min: 9
Max: 139
Mean: 66.26119402985074
Std: 30.287824572929726
