iteration: 56
System used: oscillation
Number of floors: 40
Number of passengers: 191
traffic: low
Waiting Time Statistics:
Min: 0
Max: 400
Mean: 82.64921465968587
Std: 60.696115256865745

Total Service Time Statistics:
Min: 8
Max: 460
Mean: 140.84816753926702
Std: 70.53952221267758
