iteration: 93
System used: oscillation
Number of floors: 5
Number of passengers: 51
traffic: low
Waiting Time Statistics:
Min: 0
Max: 19
Mean: 10.27450980392157
Std: 6.315309751302937

Total Service Time Statistics:
Min: 5
Max: 35
Mean: 19.764705882352942
Std: 7.5883812115473415
