iteration: 15
System used: oscillation
Number of floors: 5
Number of passengers: 46
traffic: low
Waiting Time Statistics:
Min: 0
Max: 19
Mean: 7.282608695652174
Std: 5.410537223185721

Total Service Time Statistics:
Min: 4
Max: 36
Mean: 16.67391304347826
Std: 8.485423705327696
