iteration: 76
System used: oscillation
Number of floors: 5
Number of passengers: 49
traffic: low
Waiting Time Statistics:
Min: 0
Max: 19
Mean: 9.0
Std: 6.383572667401852

Total Service Time Statistics:
Min: 4
Max: 37
Mean: 18.142857142857142
Std: 7.444237144709098
