iteration: 75
System used: oscillation
Number of floors: 20
Number of passengers: 133
traffic: low
Waiting Time Statistics:
Min: 0
Max: 79
Mean: 35.473684210526315
Std: 22.36798948828451

Total Service Time Statistics:
Min: 6
Max: 147
Mean: 64.88721804511279
Std: 27.78479367615204
