iteration: 7
System used: oscillation
Number of floors: 20
Number of passengers: 127
traffic: low
Waiting Time Statistics:
Min: 0
Max: 79
Mean: 39.59842519685039
Std: 23.364693158464572

Total Service Time Statistics:
Min: 14
Max: 139
Mean: 69.39370078740157
Std: 27.15480532186691
