iteration: 61
System used: oscillation
Number of floors: 5
Number of passengers: 58
traffic: low
Waiting Time Statistics:
Min: 0
Max: 19
Mean: 8.448275862068966
Std: 5.610680334620916

Total Service Time Statistics:
Min: 5
Max: 34
Mean: 17.689655172413794
Std: 6.5860216049419575
