iteration: 91
System used: oscillation
Number of floors: 20
Number of passengers: 131
traffic: low
Waiting Time Statistics:
Min: 0
Max: 79
Mean: 35.74809160305343
Std: 22.84507808005593

Total Service Time Statistics:
Min: 10
Max: 147
Mean: 64.45038167938931
Std: 28.997138782050687
