iteration: 6
System used: oscillation
Number of floors: 5
Number of passengers: 51
traffic: low
Waiting Time Statistics:
Min: 0
Max: 19
Mean: 8.254901960784315
Std: 5.483951630913249

Total Service Time Statistics:
Min: 4
Max: 33
Mean: 18.137254901960784
Std: 7.549886377537446
