iteration: 85
System used: oscillation
Number of floors: 20
Number of passengers: 145
traffic: low
Waiting Time Statistics:
Min: 0
Max: 78
Mean: 38.08275862068965
Std: 22.800920865990584

Total Service Time Statistics:
Min: 4
Max: 154
Mean: 63.6551724137931
Std: 28.323865896278086
