iteration: 68
System used: oscillation
Number of floors: 5
Number of passengers: 46
traffic: low
Waiting Time Statistics:
Min: 0
Max: 19
Mean: 9.434782608695652
Std: 6.002414972929344

Total Service Time Statistics:
Min: 4
Max: 37
Mean: 17.52173913043478
Std: 8.445219898287716
