iteration: 28
System used: oscillation
Number of floors: 5
Number of passengers: 58
traffic: low
Waiting Time Statistics:
Min: 0
Max: 19
Mean: 9.46551724137931
Std: 6.193419023564602

Total Service Time Statistics:
Min: 6
Max: 39
Mean: 18.362068965517242
Std: 8.488791941539105
