iteration: 89
System used: oscillation
Number of floors: 20
Number of passengers: 114
traffic: low
Waiting Time Statistics:
Min: 0
Max: 79
Mean: 37.6578947368421
Std: 22.780145425724132

Total Service Time Statistics:
Min: 5
Max: 152
Mean: 68.28947368421052
Std: 29.445532042105544
