iteration: 33
System used: oscillation
Number of floors: 20
Number of passengers: 147
traffic: low
Waiting Time Statistics:
Min: 0
Max: 124
Mean: 36.95918367346939
Std: 24.107032325614547

Total Service Time Statistics:
Min: 7
Max: 156
Mean: 63.70748299319728
Std: 29.565161579766862
