iteration: 35
System used: oscillation
Number of floors: 5
Number of passengers: 55
traffic: low
Waiting Time Statistics:
Min: 0
Max: 19
Mean: 8.745454545454546
Std: 6.159058916263647

Total Service Time Statistics:
Min: 4
Max: 38
Mean: 17.254545454545454
Std: 8.037454410488024
