iteration: 21
System used: oscillation
Number of floors: 5
Number of passengers: 64
traffic: low
Waiting Time Statistics:
Min: 0
Max: 19
Mean: 9.59375
Std: 5.8762874307043536

Total Service Time Statistics:
Min: 4
Max: 35
Mean: 18.90625
Std: 7.480596593643143
