iteration: 56
System used: oscillation
Number of floors: 5
Number of passengers: 49
traffic: low
Waiting Time Statistics:
Min: 0
Max: 19
Mean: 10.204081632653061
Std: 5.601263220012424

Total Service Time Statistics:
Min: 5
Max: 35
Mean: 18.53061224489796
Std: 7.850430032850447
