iteration: 58
System used: oscillation
Number of floors: 20
Number of passengers: 121
traffic: low
Waiting Time Statistics:
Min: 0
Max: 78
Mean: 36.53719008264463
Std: 22.865564109345026

Total Service Time Statistics:
Min: 16
Max: 146
Mean: 67.28099173553719
Std: 27.634586765047366
