iteration: 71
System used: oscillation
Number of floors: 5
Number of passengers: 42
traffic: low
Waiting Time Statistics:
Min: 0
Max: 18
Mean: 7.857142857142857
Std: 5.430588292128788

Total Service Time Statistics:
Min: 5
Max: 32
Mean: 18.238095238095237
Std: 7.377650904505937
