iteration: 82
System used: oscillation
Number of floors: 20
Number of passengers: 135
traffic: low
Waiting Time Statistics:
Min: 0
Max: 128
Mean: 40.37777777777778
Std: 23.790712682688778

Total Service Time Statistics:
Min: 4
Max: 160
Mean: 70.06666666666666
Std: 29.884154439554823
