iteration: 20
System used: oscillation
Number of floors: 5
Number of passengers: 51
traffic: low
Waiting Time Statistics:
Min: 0
Max: 18
Mean: 7.862745098039215
Std: 5.943129168521032

Total Service Time Statistics:
Min: 4
Max: 34
Mean: 16.80392156862745
Std: 6.948437544781236
