iteration: 18
System used: oscillation
Number of floors: 20
Number of passengers: 133
traffic: low
Waiting Time Statistics:
Min: 0
Max: 79
Mean: 39.8421052631579
Std: 23.79293315801066

Total Service Time Statistics:
Min: 4
Max: 158
Mean: 68.38345864661655
Std: 30.2341172439828
