iteration: 41
System used: oscillation
Number of floors: 5
Number of passengers: 55
traffic: low
Waiting Time Statistics:
Min: 0
Max: 19
Mean: 7.9818181818181815
Std: 5.807054806172016

Total Service Time Statistics:
Min: 4
Max: 37
Mean: 17.0
Std: 7.5400167010326875
