iteration: 99
System used: oscillation
Number of floors: 20
Number of passengers: 139
traffic: low
Waiting Time Statistics:
Min: 0
Max: 79
Mean: 34.76978417266187
Std: 24.125672340788974

Total Service Time Statistics:
Min: 8
Max: 136
Mean: 63.86330935251799
Std: 29.493600740177502
