iteration: 65
System used: oscillation
Number of floors: 5
Number of passengers: 57
traffic: low
Waiting Time Statistics:
Min: 0
Max: 19
Mean: 8.228070175438596
Std: 5.897994646668504

Total Service Time Statistics:
Min: 4
Max: 29
Mean: 16.50877192982456
Std: 6.3361852172872455
