iteration: 59
System used: oscillation
Number of floors: 40
Number of passengers: 198
traffic: low
Waiting Time Statistics:
Min: 0
Max: 392
Mean: 84.16666666666667
Std: 66.96561357155797

Total Service Time Statistics:
Min: 9
Max: 472
Mean: 140.32828282828282
Std: 74.97849646439795
