iteration: 74
System used: oscillation
Number of floors: 5
Number of passengers: 47
traffic: low
Waiting Time Statistics:
Min: 0
Max: 19
Mean: 8.553191489361701
Std: 5.87851101614027

Total Service Time Statistics:
Min: 5
Max: 37
Mean: 18.851063829787233
Std: 7.503560671888163
