iteration: 61
System used: oscillation
Number of floors: 40
Number of passengers: 199
traffic: low
Waiting Time Statistics:
Min: 0
Max: 396
Mean: 89.1356783919598
Std: 63.74060979301136

Total Service Time Statistics:
Min: 12
Max: 468
Mean: 145.25628140703517
Std: 75.00242183457627
