iteration: 31
System used: oscillation
Number of floors: 20
Number of passengers: 138
traffic: low
Waiting Time Statistics:
Min: 0
Max: 79
Mean: 36.65942028985507
Std: 22.834055874738507

Total Service Time Statistics:
Min: 5
Max: 142
Mean: 68.80434782608695
Std: 29.21075161914712
