iteration: 85
System used: oscillation
Number of floors: 5
Number of passengers: 47
traffic: low
Waiting Time Statistics:
Min: 0
Max: 18
Mean: 8.148936170212766
Std: 5.808459810087559

Total Service Time Statistics:
Min: 4
Max: 34
Mean: 17.595744680851062
Std: 7.391709734760979
