iteration: 79
System used: oscillation
Number of floors: 20
Number of passengers: 130
traffic: low
Waiting Time Statistics:
Min: 0
Max: 140
Mean: 38.07692307692308
Std: 25.53933442480939

Total Service Time Statistics:
Min: 10
Max: 148
Mean: 68.66153846153846
Std: 31.05747456405557
