iteration: 90
System used: oscillation
Number of floors: 20
Number of passengers: 120
traffic: low
Waiting Time Statistics:
Min: 0
Max: 120
Mean: 33.90833333333333
Std: 24.01609958373104

Total Service Time Statistics:
Min: 12
Max: 146
Mean: 65.40833333333333
Std: 30.720615757061207
