iteration: 15
System used: oscillation
Number of floors: 40
Number of passengers: 185
traffic: low
Waiting Time Statistics:
Min: 0
Max: 392
Mean: 83.54594594594595
Std: 70.56140786344172

Total Service Time Statistics:
Min: 9
Max: 480
Mean: 142.33513513513515
Std: 75.83266839410099
