iteration: 47
System used: oscillation
Number of floors: 5
Number of passengers: 35
traffic: low
Waiting Time Statistics:
Min: 0
Max: 18
Mean: 8.285714285714286
Std: 5.716701170159899

Total Service Time Statistics:
Min: 4
Max: 34
Mean: 17.771428571428572
Std: 7.814337178943489
