iteration: 96
System used: oscillation
Number of floors: 5
Number of passengers: 51
traffic: low
Waiting Time Statistics:
Min: 0
Max: 19
Mean: 8.882352941176471
Std: 5.468627099459349

Total Service Time Statistics:
Min: 4
Max: 39
Mean: 18.529411764705884
Std: 7.494939469205794
