iteration: 79
System used: oscillation
Number of floors: 5
Number of passengers: 57
traffic: low
Waiting Time Statistics:
Min: 0
Max: 19
Mean: 9.771929824561404
Std: 5.934215388802613

Total Service Time Statistics:
Min: 4
Max: 35
Mean: 19.385964912280702
Std: 7.77531438492754
