iteration: 92
System used: oscillation
Number of floors: 20
Number of passengers: 141
traffic: low
Waiting Time Statistics:
Min: 0
Max: 77
Mean: 38.50354609929078
Std: 22.114837977338453

Total Service Time Statistics:
Min: 11
Max: 141
Mean: 68.88652482269504
Std: 27.06951163171838
