iteration: 55
System used: oscillation
Number of floors: 5
Number of passengers: 57
traffic: low
Waiting Time Statistics:
Min: 0
Max: 19
Mean: 8.263157894736842
Std: 5.530843115105488

Total Service Time Statistics:
Min: 4
Max: 36
Mean: 17.105263157894736
Std: 7.473009076781196
