iteration: 5
System used: oscillation
Number of floors: 40
Number of passengers: 193
traffic: low
Waiting Time Statistics:
Min: 0
Max: 341
Mean: 85.8238341968912
Std: 59.21122194290847

Total Service Time Statistics:
Min: 12
Max: 369
Mean: 141.45077720207254
Std: 65.07358744718918
