iteration: 34
System used: oscillation
Number of floors: 40
Number of passengers: 171
traffic: low
Waiting Time Statistics:
Min: 0
Max: 232
Mean: 80.2280701754386
Std: 58.16639950142825

Total Service Time Statistics:
Min: 16
Max: 312
Mean: 139.50292397660817
Std: 67.89181482926962
