iteration: 29
System used: oscillation
Number of floors: 20
Number of passengers: 117
traffic: low
Waiting Time Statistics:
Min: 0
Max: 79
Mean: 35.76068376068376
Std: 23.944133819289167

Total Service Time Statistics:
Min: 4
Max: 141
Mean: 64.85470085470085
Std: 27.88686038301568
