iteration: 13
System used: oscillation
Number of floors: 20
Number of passengers: 151
traffic: low
Waiting Time Statistics:
Min: 0
Max: 79
Mean: 37.06622516556291
Std: 24.002407899812106

Total Service Time Statistics:
Min: 8
Max: 150
Mean: 68.72185430463576
Std: 29.220805131594705
