iteration: 43
System used: oscillation
Number of floors: 20
Number of passengers: 120
traffic: low
Waiting Time Statistics:
Min: 0
Max: 79
Mean: 36.19166666666667
Std: 23.100909739928536

Total Service Time Statistics:
Min: 9
Max: 138
Mean: 66.525
Std: 28.161587313217982
