iteration: 54
System used: oscillation
Number of floors: 20
Number of passengers: 146
traffic: low
Waiting Time Statistics:
Min: 0
Max: 79
Mean: 39.54109589041096
Std: 23.33153163523377

Total Service Time Statistics:
Min: 8
Max: 127
Mean: 69.48630136986301
Std: 28.2843288647484
