iteration: 73
System used: oscillation
Number of floors: 20
Number of passengers: 153
traffic: low
Waiting Time Statistics:
Min: 0
Max: 79
Mean: 39.4640522875817
Std: 22.25037733086046

Total Service Time Statistics:
Min: 8
Max: 150
Mean: 69.13725490196079
Std: 31.04009690866108
