iteration: 8
System used: oscillation
Number of floors: 40
Number of passengers: 172
traffic: low
Waiting Time Statistics:
Min: 0
Max: 388
Mean: 84.72674418604652
Std: 63.29399318231878

Total Service Time Statistics:
Min: 10
Max: 408
Mean: 143.61046511627907
Std: 66.93074456633106
