iteration: 62
System used: oscillation
Number of floors: 5
Number of passengers: 52
traffic: low
Waiting Time Statistics:
Min: 0
Max: 19
Mean: 10.057692307692308
Std: 5.62352712407736

Total Service Time Statistics:
Min: 8
Max: 35
Mean: 19.596153846153847
Std: 5.9943097703510535
