iteration: 17
System used: oscillation
Number of floors: 40
Number of passengers: 209
traffic: low
Waiting Time Statistics:
Min: 0
Max: 256
Mean: 84.8468899521531
Std: 57.99316523383417

Total Service Time Statistics:
Min: 10
Max: 320
Mean: 141.4976076555024
Std: 67.4649570291235
