iteration: 97
System used: oscillation
Number of floors: 40
Number of passengers: 180
traffic: low
Waiting Time Statistics:
Min: 0
Max: 584
Mean: 90.4
Std: 78.50328961544813

Total Service Time Statistics:
Min: 16
Max: 624
Mean: 146.0222222222222
Std: 85.92070890360384
