iteration: 32
System used: oscillation
Number of floors: 5
Number of passengers: 42
traffic: low
Waiting Time Statistics:
Min: 0
Max: 18
Mean: 6.738095238095238
Std: 5.194084457973526

Total Service Time Statistics:
Min: 4
Max: 34
Mean: 14.547619047619047
Std: 6.808181523447631
