iteration: 76
System used: oscillation
Number of floors: 40
Number of passengers: 181
traffic: low
Waiting Time Statistics:
Min: 0
Max: 276
Mean: 84.0939226519337
Std: 59.64969047674734

Total Service Time Statistics:
Min: 12
Max: 316
Mean: 139.60773480662982
Std: 67.75860540556498
