iteration: 6
System used: oscillation
Number of floors: 40
Number of passengers: 184
traffic: low
Waiting Time Statistics:
Min: 0
Max: 376
Mean: 78.13586956521739
Std: 54.35200004166675

Total Service Time Statistics:
Min: 12
Max: 480
Mean: 135.17934782608697
Std: 67.9023359055509
