iteration: 53
System used: oscillation
Number of floors: 20
Number of passengers: 144
traffic: low
Waiting Time Statistics:
Min: 0
Max: 78
Mean: 38.53472222222222
Std: 23.723616392689266

Total Service Time Statistics:
Min: 4
Max: 141
Mean: 67.64583333333333
Std: 29.17860811157159
