iteration: 36
System used: oscillation
Number of floors: 40
Number of passengers: 189
traffic: low
Waiting Time Statistics:
Min: 0
Max: 376
Mean: 86.98941798941799
Std: 61.96472824922165

Total Service Time Statistics:
Min: 10
Max: 416
Mean: 140.93650793650792
Std: 69.28683973223959
