iteration: 97
System used: oscillation
Number of floors: 5
Number of passengers: 45
traffic: low
Waiting Time Statistics:
Min: 0
Max: 19
Mean: 8.155555555555555
Std: 5.881231919325142

Total Service Time Statistics:
Min: 4
Max: 35
Mean: 16.42222222222222
Std: 6.933085659911954
