iteration: 14
System used: oscillation
Number of floors: 20
Number of passengers: 135
traffic: low
Waiting Time Statistics:
Min: 0
Max: 79
Mean: 37.63703703703704
Std: 21.50932023163392

Total Service Time Statistics:
Min: 4
Max: 127
Mean: 66.02222222222223
Std: 27.99639280247098
