iteration: 94
System used: oscillation
Number of floors: 40
Number of passengers: 183
traffic: low
Waiting Time Statistics:
Min: 0
Max: 260
Mean: 85.66666666666667
Std: 59.71942947157362

Total Service Time Statistics:
Min: 4
Max: 320
Mean: 141.1639344262295
Std: 66.27461524741942
