iteration: 0
System used: oscillation
Number of floors: 5
Number of passengers: 53
traffic: low
Waiting Time Statistics:
Min: 0
Max: 19
Mean: 9.09433962264151
Std: 5.554845947262888

Total Service Time Statistics:
Min: 4
Max: 35
Mean: 18.22641509433962
Std: 7.056479590348047
