iteration: 99
System used: oscillation
Number of floors: 5
Number of passengers: 60
traffic: low
Waiting Time Statistics:
Min: 0
Max: 19
Mean: 10.466666666666667
Std: 5.634237549869688

Total Service Time Statistics:
Min: 6
Max: 37
Mean: 19.533333333333335
Std: 6.919553886537814
