iteration: 91
System used: oscillation
Number of floors: 40
Number of passengers: 200
traffic: low
Waiting Time Statistics:
Min: 0
Max: 260
Mean: 80.795
Std: 54.97731807311596

Total Service Time Statistics:
Min: 8
Max: 312
Mean: 130.975
Std: 64.92341352020532
