iteration: 7
System used: oscillation
Number of floors: 40
Number of passengers: 181
traffic: low
Waiting Time Statistics:
Min: 0
Max: 248
Mean: 83.69060773480663
Std: 51.58147137367304

Total Service Time Statistics:
Min: 11
Max: 308
Mean: 131.44751381215468
Std: 61.9970766058644
