iteration: 20
System used: oscillation
Number of floors: 20
Number of passengers: 139
traffic: low
Waiting Time Statistics:
Min: 0
Max: 79
Mean: 35.935251798561154
Std: 20.23779239589453

Total Service Time Statistics:
Min: 11
Max: 139
Mean: 64.71223021582733
Std: 26.547535873073492
