iteration: 26
System used: oscillation
Number of floors: 20
Number of passengers: 154
traffic: low
Waiting Time Statistics:
Min: 0
Max: 108
Mean: 36.857142857142854
Std: 25.754098238864927

Total Service Time Statistics:
Min: 4
Max: 154
Mean: 66.25974025974025
Std: 31.13449743694361
