iteration: 63
System used: oscillation
Number of floors: 5
Number of passengers: 47
traffic: low
Waiting Time Statistics:
Min: 0
Max: 19
Mean: 7.76595744680851
Std: 5.205401734308426

Total Service Time Statistics:
Min: 4
Max: 34
Mean: 17.5531914893617
Std: 7.482758473689911
