iteration: 26
System used: oscillation
Number of floors: 40
Number of passengers: 170
traffic: low
Waiting Time Statistics:
Min: 0
Max: 280
Mean: 85.25294117647059
Std: 61.161834191859356

Total Service Time Statistics:
Min: 12
Max: 316
Mean: 139.62941176470588
Std: 67.6427114176831
