iteration: 97
System used: oscillation
Number of floors: 20
Number of passengers: 121
traffic: low
Waiting Time Statistics:
Min: 0
Max: 79
Mean: 39.56198347107438
Std: 23.01444928806809

Total Service Time Statistics:
Min: 13
Max: 144
Mean: 69.61157024793388
Std: 29.534830257631537
