iteration: 90
System used: oscillation
Number of floors: 40
Number of passengers: 193
traffic: low
Waiting Time Statistics:
Min: 0
Max: 248
Mean: 77.19689119170984
Std: 54.65881476899806

Total Service Time Statistics:
Min: 7
Max: 312
Mean: 131.87046632124353
Std: 63.387768341394114
