iteration: 33
System used: oscillation
Number of floors: 5
Number of passengers: 54
traffic: low
Waiting Time Statistics:
Min: 0
Max: 19
Mean: 9.833333333333334
Std: 6.064900565378176

Total Service Time Statistics:
Min: 4
Max: 34
Mean: 19.462962962962962
Std: 7.6767548248014155
