iteration: 94
System used: oscillation
Number of floors: 5
Number of passengers: 48
traffic: low
Waiting Time Statistics:
Min: 0
Max: 19
Mean: 7.833333333333333
Std: 5.791899454477792

Total Service Time Statistics:
Min: 6
Max: 35
Mean: 16.166666666666668
Std: 6.9903682468772965
