iteration: 48
System used: oscillation
Number of floors: 20
Number of passengers: 136
traffic: low
Waiting Time Statistics:
Min: 0
Max: 78
Mean: 36.86029411764706
Std: 21.75424106599213

Total Service Time Statistics:
Min: 4
Max: 142
Mean: 68.2720588235294
Std: 28.114439920193032
