iteration: 31
System used: oscillation
Number of floors: 40
Number of passengers: 189
traffic: low
Waiting Time Statistics:
Min: 0
Max: 404
Mean: 86.33333333333333
Std: 67.53958650066531

Total Service Time Statistics:
Min: 4
Max: 432
Mean: 139.66666666666666
Std: 72.66668293317535
