iteration: 9
System used: oscillation
Number of floors: 40
Number of passengers: 191
traffic: low
Waiting Time Statistics:
Min: 0
Max: 256
Mean: 84.6544502617801
Std: 58.84230458639687

Total Service Time Statistics:
Min: 8
Max: 316
Mean: 142.7068062827225
Std: 71.67138389357477
