iteration: 64
System used: oscillation
Number of floors: 5
Number of passengers: 53
traffic: low
Waiting Time Statistics:
Min: 0
Max: 19
Mean: 8.18867924528302
Std: 6.044885326180832

Total Service Time Statistics:
Min: 5
Max: 32
Mean: 18.0
Std: 7.245688373094719
