iteration: 86
System used: oscillation
Number of floors: 5
Number of passengers: 58
traffic: low
Waiting Time Statistics:
Min: 0
Max: 19
Mean: 8.60344827586207
Std: 5.773319320023957

Total Service Time Statistics:
Min: 4
Max: 30
Mean: 17.844827586206897
Std: 7.03325864466354
