iteration: 83
System used: oscillation
Number of floors: 20
Number of passengers: 137
traffic: low
Waiting Time Statistics:
Min: 0
Max: 128
Mean: 39.91240875912409
Std: 27.323894534593155

Total Service Time Statistics:
Min: 8
Max: 160
Mean: 69.95620437956204
Std: 33.54603259901821
