iteration: 65
System used: oscillation
Number of floors: 20
Number of passengers: 157
traffic: low
Waiting Time Statistics:
Min: 0
Max: 79
Mean: 36.547770700636946
Std: 22.035939717405657

Total Service Time Statistics:
Min: 11
Max: 131
Mean: 64.70063694267516
Std: 27.156824936235537
