iteration: 31
System used: oscillation
Number of floors: 5
Number of passengers: 48
traffic: low
Waiting Time Statistics:
Min: 0
Max: 19
Mean: 10.520833333333334
Std: 6.11238569343004

Total Service Time Statistics:
Min: 8
Max: 38
Mean: 20.9375
Std: 7.5664608495143915
