iteration: 13
System used: oscillation
Number of floors: 40
Number of passengers: 184
traffic: low
Waiting Time Statistics:
Min: 0
Max: 248
Mean: 81.8586956521739
Std: 57.4697034029091

Total Service Time Statistics:
Min: 13
Max: 320
Mean: 136.81521739130434
Std: 65.39930805399666
