iteration: 40
System used: oscillation
Number of floors: 5
Number of passengers: 51
traffic: low
Waiting Time Statistics:
Min: 0
Max: 19
Mean: 8.901960784313726
Std: 5.869428939720744

Total Service Time Statistics:
Min: 4
Max: 31
Mean: 18.235294117647058
Std: 6.760438551733512
