iteration: 4
System used: oscillation
Number of floors: 20
Number of passengers: 123
traffic: low
Waiting Time Statistics:
Min: 0
Max: 79
Mean: 35.59349593495935
Std: 23.170373040989002

Total Service Time Statistics:
Min: 4
Max: 135
Mean: 63.073170731707314
Std: 28.04860264533436
