iteration: 75
System used: oscillation
Number of floors: 40
Number of passengers: 198
traffic: low
Waiting Time Statistics:
Min: 0
Max: 264
Mean: 79.0050505050505
Std: 51.93978331793643

Total Service Time Statistics:
Min: 5
Max: 312
Mean: 138.3181818181818
Std: 63.97155754988022
