iteration: 79
System used: oscillation
Number of floors: 40
Number of passengers: 190
traffic: low
Waiting Time Statistics:
Min: 0
Max: 256
Mean: 79.5421052631579
Std: 51.078897534326195

Total Service Time Statistics:
Min: 8
Max: 292
Mean: 137.0157894736842
Std: 63.02611168923908
