iteration: 41
System used: oscillation
Number of floors: 20
Number of passengers: 119
traffic: low
Waiting Time Statistics:
Min: 0
Max: 136
Mean: 38.84873949579832
Std: 25.591854720959184

Total Service Time Statistics:
Min: 16
Max: 160
Mean: 70.5126050420168
Std: 27.02693745582343
