iteration: 46
System used: oscillation
Number of floors: 20
Number of passengers: 131
traffic: low
Waiting Time Statistics:
Min: 0
Max: 124
Mean: 37.0763358778626
Std: 23.927331755389528

Total Service Time Statistics:
Min: 4
Max: 152
Mean: 66.6030534351145
Std: 30.401841894938126
