iteration: 8
System used: oscillation
Number of floors: 20
Number of passengers: 129
traffic: low
Waiting Time Statistics:
Min: 0
Max: 124
Mean: 42.4031007751938
Std: 24.81699247108879

Total Service Time Statistics:
Min: 8
Max: 156
Mean: 72.94573643410853
Std: 29.31704657637328
