iteration: 67
System used: oscillation
Number of floors: 5
Number of passengers: 38
traffic: low
Waiting Time Statistics:
Min: 0
Max: 19
Mean: 8.157894736842104
Std: 5.842649879142325

Total Service Time Statistics:
Min: 5
Max: 39
Mean: 19.0
Std: 7.530119700423274
