iteration: 86
System used: oscillation
Number of floors: 40
Number of passengers: 193
traffic: low
Waiting Time Statistics:
Min: 0
Max: 248
Mean: 79.42487046632124
Std: 51.30927266656267

Total Service Time Statistics:
Min: 4
Max: 300
Mean: 135.25906735751295
Std: 56.473862253928125
