iteration: 71
System used: oscillation
Number of floors: 40
Number of passengers: 207
traffic: low
Waiting Time Statistics:
Min: 0
Max: 412
Mean: 82.91787439613526
Std: 60.775793751620284

Total Service Time Statistics:
Min: 12
Max: 468
Mean: 137.3913043478261
Std: 69.02705619628703
