iteration: 8
System used: oscillation
Number of floors: 5
Number of passengers: 55
traffic: low
Waiting Time Statistics:
Min: 0
Max: 19
Mean: 9.272727272727273
Std: 5.515817475609796

Total Service Time Statistics:
Min: 5
Max: 34
Mean: 18.072727272727274
Std: 6.798296479033186
