iteration: 10
System used: oscillation
Number of floors: 5
Number of passengers: 54
traffic: low
Waiting Time Statistics:
Min: 0
Max: 19
Mean: 9.351851851851851
Std: 5.522364162195587

Total Service Time Statistics:
Min: 5
Max: 34
Mean: 19.27777777777778
Std: 6.49939523069492
