iteration: 93
System used: oscillation
Number of floors: 20
Number of passengers: 132
traffic: low
Waiting Time Statistics:
Min: 0
Max: 79
Mean: 36.67424242424242
Std: 23.42846712742389

Total Service Time Statistics:
Min: 14
Max: 159
Mean: 67.1590909090909
Std: 30.863360412650113
