iteration: 88
System used: oscillation
Number of floors: 5
Number of passengers: 53
traffic: low
Waiting Time Statistics:
Min: 0
Max: 19
Mean: 9.377358490566039
Std: 6.251850234113281

Total Service Time Statistics:
Min: 4
Max: 39
Mean: 19.264150943396228
Std: 8.611599832149984
