iteration: 88
System used: oscillation
Number of floors: 20
Number of passengers: 124
traffic: low
Waiting Time Statistics:
Min: 0
Max: 128
Mean: 39.266129032258064
Std: 27.644993628117597

Total Service Time Statistics:
Min: 4
Max: 148
Mean: 67.5241935483871
Std: 30.185460267146336
