iteration: 59
System used: oscillation
Number of floors: 20
Number of passengers: 129
traffic: low
Waiting Time Statistics:
Min: 0
Max: 79
Mean: 39.116279069767444
Std: 22.505425702405887

Total Service Time Statistics:
Min: 11
Max: 135
Mean: 73.31782945736434
Std: 29.40609643852679
