iteration: 21
System used: oscillation
Number of floors: 20
Number of passengers: 145
traffic: low
Waiting Time Statistics:
Min: 0
Max: 79
Mean: 39.12413793103448
Std: 23.133334161449522

Total Service Time Statistics:
Min: 11
Max: 143
Mean: 67.59310344827587
Std: 27.86039018025714
