iteration: 69
System used: oscillation
Number of floors: 20
Number of passengers: 131
traffic: low
Waiting Time Statistics:
Min: 0
Max: 79
Mean: 35.51908396946565
Std: 23.597376368192407

Total Service Time Statistics:
Min: 7
Max: 152
Mean: 62.63358778625954
Std: 28.62145674593699
