iteration: 58
System used: oscillation
Number of floors: 40
Number of passengers: 184
traffic: low
Waiting Time Statistics:
Min: 0
Max: 248
Mean: 82.58695652173913
Std: 53.70719079042574

Total Service Time Statistics:
Min: 21
Max: 320
Mean: 134.97826086956522
Std: 62.85067362487831
