iteration: 38
System used: oscillation
Number of floors: 40
Number of passengers: 194
traffic: low
Waiting Time Statistics:
Min: 0
Max: 280
Mean: 82.28865979381443
Std: 59.58204319032204

Total Service Time Statistics:
Min: 16
Max: 296
Mean: 136.16494845360825
Std: 64.15188913050709
