iteration: 37
System used: oscillation
Number of floors: 5
Number of passengers: 57
traffic: low
Waiting Time Statistics:
Min: 0
Max: 19
Mean: 9.052631578947368
Std: 6.168529150429562

Total Service Time Statistics:
Min: 6
Max: 38
Mean: 19.29824561403509
Std: 7.613345689081354
