iteration: 1
System used: oscillation
Number of floors: 5
Number of passengers: 46
traffic: low
Waiting Time Statistics:
Min: 0
Max: 19
Mean: 9.630434782608695
Std: 6.2729000759073825

Total Service Time Statistics:
Min: 5
Max: 34
Mean: 19.804347826086957
Std: 7.948779263977558
