iteration: 25
System used: oscillation
Number of floors: 40
Number of passengers: 177
traffic: low
Waiting Time Statistics:
Min: 0
Max: 272
Mean: 77.50282485875707
Std: 50.98341132771714

Total Service Time Statistics:
Min: 8
Max: 320
Mean: 130.85875706214688
Std: 62.711436399308454
