iteration: 47
System used: oscillation
Number of floors: 20
Number of passengers: 146
traffic: low
Waiting Time Statistics:
Min: 0
Max: 79
Mean: 35.04109589041096
Std: 22.61426974350755

Total Service Time Statistics:
Min: 4
Max: 145
Mean: 62.35616438356164
Std: 30.033255068576416
