iteration: 52
System used: oscillation
Number of floors: 20
Number of passengers: 146
traffic: low
Waiting Time Statistics:
Min: 0
Max: 78
Mean: 35.486301369863014
Std: 21.4129307699069

Total Service Time Statistics:
Min: 4
Max: 135
Mean: 64.11643835616438
Std: 27.677081337546042
