iteration: 22
System used: oscillation
Number of floors: 40
Number of passengers: 178
traffic: low
Waiting Time Statistics:
Min: 0
Max: 412
Mean: 87.24157303370787
Std: 59.91663758638729

Total Service Time Statistics:
Min: 8
Max: 472
Mean: 143.06179775280899
Std: 70.1813760052677
