iteration: 46
System used: oscillation
Number of floors: 40
Number of passengers: 172
traffic: low
Waiting Time Statistics:
Min: 0
Max: 240
Mean: 83.25
Std: 56.57858221016395

Total Service Time Statistics:
Min: 12
Max: 316
Mean: 137.11046511627907
Std: 63.04620514676623
