iteration: 47
System used: oscillation
Number of floors: 40
Number of passengers: 199
traffic: low
Waiting Time Statistics:
Min: 0
Max: 404
Mean: 83.89447236180905
Std: 65.59189651536856

Total Service Time Statistics:
Min: 12
Max: 456
Mean: 139.03015075376885
Std: 71.80437154665084
