iteration: 25
System used: oscillation
Number of floors: 5
Number of passengers: 56
traffic: low
Waiting Time Statistics:
Min: 0
Max: 19
Mean: 8.821428571428571
Std: 5.410787685413592

Total Service Time Statistics:
Min: 6
Max: 34
Mean: 19.321428571428573
Std: 6.957290859515369
