iteration: 89
System used: oscillation
Number of floors: 40
Number of passengers: 194
traffic: low
Waiting Time Statistics:
Min: 0
Max: 256
Mean: 79.79896907216495
Std: 55.30729790004408

Total Service Time Statistics:
Min: 9
Max: 308
Mean: 135.59278350515464
Std: 67.32147106077737
