iteration: 93
System used: oscillation
Number of floors: 40
Number of passengers: 212
traffic: low
Waiting Time Statistics:
Min: 0
Max: 392
Mean: 89.30188679245283
Std: 65.27269372552487

Total Service Time Statistics:
Min: 8
Max: 456
Mean: 146.67924528301887
Std: 75.325020505272
