iteration: 44
System used: oscillation
Number of floors: 20
Number of passengers: 135
traffic: low
Waiting Time Statistics:
Min: 0
Max: 124
Mean: 36.2
Std: 24.12090194100878

Total Service Time Statistics:
Min: 7
Max: 145
Mean: 65.5925925925926
Std: 27.627937487178936
