iteration: 42
System used: oscillation
Number of floors: 20
Number of passengers: 130
traffic: low
Waiting Time Statistics:
Min: 0
Max: 79
Mean: 34.54615384615385
Std: 22.352049847368555

Total Service Time Statistics:
Min: 8
Max: 122
Mean: 58.97692307692308
Std: 25.18350185444732
