iteration: 11
System used: oscillation
Number of floors: 40
Number of passengers: 205
traffic: low
Waiting Time Statistics:
Min: 0
Max: 248
Mean: 83.7560975609756
Std: 56.376439805014954

Total Service Time Statistics:
Min: 5
Max: 304
Mean: 141.57073170731707
Std: 65.39293841134395
