iteration: 41
System used: oscillation
Number of floors: 40
Number of passengers: 196
traffic: low
Waiting Time Statistics:
Min: 0
Max: 264
Mean: 78.38265306122449
Std: 53.68723770517859

Total Service Time Statistics:
Min: 20
Max: 308
Mean: 130.34183673469389
Std: 60.64077061865631
