iteration: 76
System used: oscillation
Number of floors: 20
Number of passengers: 133
traffic: low
Waiting Time Statistics:
Min: 0
Max: 120
Mean: 37.18796992481203
Std: 24.58293026149472

Total Service Time Statistics:
Min: 15
Max: 142
Mean: 67.35338345864662
Std: 28.10887800244597
