iteration: 69
System used: oscillation
Number of floors: 5
Number of passengers: 45
traffic: low
Waiting Time Statistics:
Min: 0
Max: 19
Mean: 10.266666666666667
Std: 6.099180272790762

Total Service Time Statistics:
Min: 4
Max: 33
Mean: 18.177777777777777
Std: 6.859926082589072
