iteration: 89
System used: oscillation
Number of floors: 5
Number of passengers: 54
traffic: low
Waiting Time Statistics:
Min: 0
Max: 19
Mean: 9.75925925925926
Std: 5.996650590861111

Total Service Time Statistics:
Min: 6
Max: 35
Mean: 19.75925925925926
Std: 7.940664829314761
