iteration: 87
System used: oscillation
Number of floors: 40
Number of passengers: 190
traffic: low
Waiting Time Statistics:
Min: 0
Max: 260
Mean: 79.21578947368421
Std: 55.19662556933312

Total Service Time Statistics:
Min: 11
Max: 316
Mean: 134.75263157894736
Std: 62.0217308599031
