iteration: 54
System used: oscillation
Number of floors: 5
Number of passengers: 59
traffic: low
Waiting Time Statistics:
Min: 0
Max: 19
Mean: 7.745762711864407
Std: 6.377744765005192

Total Service Time Statistics:
Min: 4
Max: 35
Mean: 16.89830508474576
Std: 7.696158726708918
