iteration: 15
System used: oscillation
Number of floors: 20
Number of passengers: 132
traffic: low
Waiting Time Statistics:
Min: 0
Max: 132
Mean: 39.916666666666664
Std: 24.781500631255074

Total Service Time Statistics:
Min: 7
Max: 160
Mean: 70.46212121212122
Std: 29.865194657906734
