iteration: 83
System used: oscillation
Number of floors: 5
Number of passengers: 48
traffic: low
Waiting Time Statistics:
Min: 0
Max: 19
Mean: 9.270833333333334
Std: 6.3872865191733945

Total Service Time Statistics:
Min: 4
Max: 32
Mean: 18.270833333333332
Std: 8.004625214380436
