iteration: 57
System used: oscillation
Number of floors: 20
Number of passengers: 120
traffic: low
Waiting Time Statistics:
Min: 0
Max: 79
Mean: 39.53333333333333
Std: 23.448113049928793

Total Service Time Statistics:
Min: 13
Max: 148
Mean: 67.26666666666667
Std: 28.821890995564882
