iteration: 23
System used: oscillation
Number of floors: 5
Number of passengers: 38
traffic: low
Waiting Time Statistics:
Min: 0
Max: 19
Mean: 7.605263157894737
Std: 5.420379330917571

Total Service Time Statistics:
Min: 5
Max: 31
Mean: 16.657894736842106
Std: 7.271849892117209
