iteration: 3
System used: oscillation
Number of floors: 20
Number of passengers: 139
traffic: low
Waiting Time Statistics:
Min: 0
Max: 79
Mean: 34.53237410071942
Std: 21.701967505232446

Total Service Time Statistics:
Min: 9
Max: 149
Mean: 62.67625899280576
Std: 28.64505820934031
