iteration: 70
System used: oscillation
Number of floors: 5
Number of passengers: 42
traffic: low
Waiting Time Statistics:
Min: 0
Max: 19
Mean: 9.928571428571429
Std: 6.310629272255397

Total Service Time Statistics:
Min: 4
Max: 35
Mean: 19.166666666666668
Std: 7.176916474454806
