iteration: 82
System used: oscillation
Number of floors: 5
Number of passengers: 48
traffic: low
Waiting Time Statistics:
Min: 0
Max: 19
Mean: 9.833333333333334
Std: 6.409213226629081

Total Service Time Statistics:
Min: 4
Max: 39
Mean: 18.416666666666668
Std: 8.152361186049193
