iteration: 27
System used: oscillation
Number of floors: 40
Number of passengers: 185
traffic: low
Waiting Time Statistics:
Min: 0
Max: 244
Mean: 81.57297297297298
Std: 57.629780989296364

Total Service Time Statistics:
Min: 23
Max: 312
Mean: 137.55135135135134
Std: 69.86912307720033
