iteration: 94
System used: oscillation
Number of floors: 20
Number of passengers: 139
traffic: low
Waiting Time Statistics:
Min: 0
Max: 124
Mean: 37.34532374100719
Std: 24.259381042265947

Total Service Time Statistics:
Min: 4
Max: 148
Mean: 67.01438848920863
Std: 28.6523352139106
