iteration: 88
System used: oscillation
Number of floors: 40
Number of passengers: 191
traffic: low
Waiting Time Statistics:
Min: 0
Max: 256
Mean: 82.78010471204189
Std: 60.06885366844958

Total Service Time Statistics:
Min: 21
Max: 316
Mean: 139.5130890052356
Std: 69.9603540840505
