iteration: 67
System used: oscillation
Number of floors: 20
Number of passengers: 114
traffic: low
Waiting Time Statistics:
Min: 0
Max: 79
Mean: 35.675438596491226
Std: 23.71008359253975

Total Service Time Statistics:
Min: 7
Max: 132
Mean: 63.8859649122807
Std: 29.097261000535276
