iteration: 92
System used: oscillation
Number of floors: 40
Number of passengers: 174
traffic: low
Waiting Time Statistics:
Min: 0
Max: 272
Mean: 85.1264367816092
Std: 60.993282032745526

Total Service Time Statistics:
Min: 9
Max: 316
Mean: 139.79310344827587
Std: 65.99371802842049
