iteration: 38
System used: oscillation
Number of floors: 20
Number of passengers: 141
traffic: low
Waiting Time Statistics:
Min: 0
Max: 78
Mean: 34.673758865248224
Std: 21.930896813758537

Total Service Time Statistics:
Min: 6
Max: 130
Mean: 60.5177304964539
Std: 27.162106702662978
