iteration: 85
System used: oscillation
Number of floors: 40
Number of passengers: 190
traffic: low
Waiting Time Statistics:
Min: 0
Max: 284
Mean: 76.23684210526316
Std: 55.12363891013105

Total Service Time Statistics:
Min: 10
Max: 316
Mean: 126.19473684210526
Std: 63.828216659984115
