iteration: 3
System used: oscillation
Number of floors: 5
Number of passengers: 49
traffic: low
Waiting Time Statistics:
Min: 0
Max: 18
Mean: 8.73469387755102
Std: 5.364914997012541

Total Service Time Statistics:
Min: 5
Max: 32
Mean: 18.122448979591837
Std: 6.650916769705589
