iteration: 19
System used: oscillation
Number of floors: 40
Number of passengers: 173
traffic: low
Waiting Time Statistics:
Min: 0
Max: 264
Mean: 79.98265895953757
Std: 58.75644190198937

Total Service Time Statistics:
Min: 11
Max: 320
Mean: 137.48554913294797
Std: 65.46618219270589
