iteration: 32
System used: oscillation
Number of floors: 20
Number of passengers: 136
traffic: low
Waiting Time Statistics:
Min: 0
Max: 79
Mean: 39.161764705882355
Std: 22.902440623050957

Total Service Time Statistics:
Min: 4
Max: 135
Mean: 66.92647058823529
Std: 28.855356355691455
