iteration: 50
System used: oscillation
Number of floors: 20
Number of passengers: 124
traffic: low
Waiting Time Statistics:
Min: 0
Max: 132
Mean: 37.29032258064516
Std: 28.275869281684923

Total Service Time Statistics:
Min: 12
Max: 156
Mean: 70.3225806451613
Std: 34.236753034228826
