iteration: 60
System used: oscillation
Number of floors: 5
Number of passengers: 49
traffic: low
Waiting Time Statistics:
Min: 0
Max: 19
Mean: 9.959183673469388
Std: 5.4235565809157515

Total Service Time Statistics:
Min: 8
Max: 35
Mean: 20.244897959183675
Std: 6.565473492206846
