iteration: 74
System used: oscillation
Number of floors: 20
Number of passengers: 124
traffic: low
Waiting Time Statistics:
Min: 0
Max: 120
Mean: 39.604838709677416
Std: 24.525685407124122

Total Service Time Statistics:
Min: 6
Max: 134
Mean: 67.41129032258064
Std: 28.745310567505523
