iteration: 29
System used: oscillation
Number of floors: 5
Number of passengers: 56
traffic: low
Waiting Time Statistics:
Min: 0
Max: 19
Mean: 8.928571428571429
Std: 5.6884480799635995

Total Service Time Statistics:
Min: 5
Max: 33
Mean: 18.0
Std: 6.849021164304496
