iteration: 18
System used: oscillation
Number of floors: 40
Number of passengers: 176
traffic: low
Waiting Time Statistics:
Min: 0
Max: 240
Mean: 84.17045454545455
Std: 60.604897791875175

Total Service Time Statistics:
Min: 4
Max: 308
Mean: 141.14772727272728
Std: 71.99445054371141
