iteration: 83
System used: oscillation
Number of floors: 40
Number of passengers: 176
traffic: low
Waiting Time Statistics:
Min: 0
Max: 256
Mean: 81.64204545454545
Std: 56.374687778097034

Total Service Time Statistics:
Min: 11
Max: 316
Mean: 140.8465909090909
Std: 68.24748484971214
