iteration: 72
System used: oscillation
Number of floors: 5
Number of passengers: 48
traffic: low
Waiting Time Statistics:
Min: 0
Max: 18
Mean: 8.416666666666666
Std: 5.572857219474807

Total Service Time Statistics:
Min: 5
Max: 38
Mean: 18.083333333333332
Std: 7.865446473465466
