iteration: 57
System used: oscillation
Number of floors: 5
Number of passengers: 45
traffic: low
Waiting Time Statistics:
Min: 0
Max: 19
Mean: 8.866666666666667
Std: 5.500413207618629

Total Service Time Statistics:
Min: 4
Max: 36
Mean: 18.2
Std: 8.10611441500124
