iteration: 35
System used: oscillation
Number of floors: 40
Number of passengers: 186
traffic: low
Waiting Time Statistics:
Min: 0
Max: 248
Mean: 86.45161290322581
Std: 56.66411536728915

Total Service Time Statistics:
Min: 11
Max: 316
Mean: 143.8279569892473
Std: 67.40448676314912
