iteration: 64
System used: oscillation
Number of floors: 40
Number of passengers: 169
traffic: low
Waiting Time Statistics:
Min: 0
Max: 264
Mean: 84.74556213017752
Std: 64.52731330014988

Total Service Time Statistics:
Min: 17
Max: 320
Mean: 138.9940828402367
Std: 68.89972847425764
