iteration: 22
System used: oscillation
Number of floors: 5
Number of passengers: 53
traffic: low
Waiting Time Statistics:
Min: 0
Max: 19
Mean: 8.415094339622641
Std: 5.596819021909303

Total Service Time Statistics:
Min: 4
Max: 35
Mean: 18.60377358490566
Std: 6.97065172607353
