iteration: 49
System used: oscillation
Number of floors: 20
Number of passengers: 140
traffic: low
Waiting Time Statistics:
Min: 0
Max: 79
Mean: 35.80714285714286
Std: 23.449899580577252

Total Service Time Statistics:
Min: 9
Max: 153
Mean: 66.72142857142858
Std: 32.233426471865556
