iteration: 86
System used: oscillation
Number of floors: 20
Number of passengers: 137
traffic: low
Waiting Time Statistics:
Min: 0
Max: 79
Mean: 32.45255474452555
Std: 23.52657158684988

Total Service Time Statistics:
Min: 4
Max: 135
Mean: 61.35766423357664
Std: 29.941545312167
