iteration: 91
System used: oscillation
Number of floors: 5
Number of passengers: 44
traffic: low
Waiting Time Statistics:
Min: 0
Max: 19
Mean: 8.045454545454545
Std: 5.425840607704157

Total Service Time Statistics:
Min: 5
Max: 35
Mean: 18.59090909090909
Std: 7.851286909232028
