iteration: 98
System used: oscillation
Number of floors: 20
Number of passengers: 126
traffic: low
Waiting Time Statistics:
Min: 0
Max: 79
Mean: 35.03174603174603
Std: 23.046365963574043

Total Service Time Statistics:
Min: 8
Max: 138
Mean: 66.17460317460318
Std: 29.376747094279686
