iteration: 19
System used: oscillation
Number of floors: 20
Number of passengers: 141
traffic: low
Waiting Time Statistics:
Min: 0
Max: 79
Mean: 37.12056737588652
Std: 21.960508443666704

Total Service Time Statistics:
Min: 4
Max: 146
Mean: 68.66666666666667
Std: 30.35778710800967
