iteration: 1
System used: oscillation
Number of floors: 40
Number of passengers: 179
traffic: low
Waiting Time Statistics:
Min: 0
Max: 440
Mean: 91.70949720670392
Std: 73.71593267076705

Total Service Time Statistics:
Min: 7
Max: 476
Mean: 145.3854748603352
Std: 79.16482599914869
