iteration: 5
System used: oscillation
Number of floors: 20
Number of passengers: 125
traffic: low
Waiting Time Statistics:
Min: 0
Max: 124
Mean: 36.68
Std: 26.44092624408535

Total Service Time Statistics:
Min: 12
Max: 156
Mean: 68.424
Std: 32.970970613947756
