iteration: 77
System used: oscillation
Number of floors: 40
Number of passengers: 212
traffic: low
Waiting Time Statistics:
Min: 0
Max: 264
Mean: 72.98113207547169
Std: 52.48822592090254

Total Service Time Statistics:
Min: 8
Max: 312
Mean: 127.69811320754717
Std: 60.9509428736048
