iteration: 53
System used: oscillation
Number of floors: 5
Number of passengers: 46
traffic: low
Waiting Time Statistics:
Min: 0
Max: 19
Mean: 9.23913043478261
Std: 6.370713487370489

Total Service Time Statistics:
Min: 4
Max: 36
Mean: 18.630434782608695
Std: 7.721136058183764
