iteration: 12
System used: oscillation
Number of floors: 20
Number of passengers: 122
traffic: low
Waiting Time Statistics:
Min: 0
Max: 79
Mean: 37.90983606557377
Std: 21.81780457945112

Total Service Time Statistics:
Min: 8
Max: 139
Mean: 67.35245901639344
Std: 28.50429056616082
