iteration: 96
System used: oscillation
Number of floors: 40
Number of passengers: 186
traffic: low
Waiting Time Statistics:
Min: 0
Max: 368
Mean: 85.35483870967742
Std: 63.4041767165932

Total Service Time Statistics:
Min: 10
Max: 388
Mean: 137.5268817204301
Std: 69.80406421960775
