iteration: 84
System used: oscillation
Number of floors: 40
Number of passengers: 186
traffic: low
Waiting Time Statistics:
Min: 0
Max: 428
Mean: 87.8010752688172
Std: 66.18612738555571

Total Service Time Statistics:
Min: 17
Max: 444
Mean: 147.6505376344086
Std: 71.5368090829011
