iteration: 77
System used: oscillation
Number of floors: 20
Number of passengers: 115
traffic: low
Waiting Time Statistics:
Min: 0
Max: 79
Mean: 37.834782608695654
Std: 23.798470551911972

Total Service Time Statistics:
Min: 14
Max: 144
Mean: 68.37391304347825
Std: 29.436956385136735
