iteration: 17
System used: oscillation
Number of floors: 5
Number of passengers: 48
traffic: low
Waiting Time Statistics:
Min: 0
Max: 19
Mean: 9.083333333333334
Std: 6.041816456935015

Total Service Time Statistics:
Min: 5
Max: 32
Mean: 18.166666666666668
Std: 6.9934112862350455
