iteration: 23
System used: oscillation
Number of floors: 20
Number of passengers: 136
traffic: low
Waiting Time Statistics:
Min: 0
Max: 128
Mean: 34.61764705882353
Std: 24.57642918447867

Total Service Time Statistics:
Min: 8
Max: 158
Mean: 60.6764705882353
Std: 29.06159037042515
