iteration: 39
System used: oscillation
Number of floors: 20
Number of passengers: 129
traffic: low
Waiting Time Statistics:
Min: 0
Max: 128
Mean: 38.15503875968992
Std: 25.333848902087468

Total Service Time Statistics:
Min: 8
Max: 136
Mean: 67.76744186046511
Std: 30.972647112993855
