iteration: 59
System used: oscillation
Number of floors: 5
Number of passengers: 47
traffic: low
Waiting Time Statistics:
Min: 0
Max: 19
Mean: 8.936170212765957
Std: 5.113512599068526

Total Service Time Statistics:
Min: 4
Max: 33
Mean: 18.04255319148936
Std: 6.8013983434626875
