iteration: 26
System used: oscillation
Number of floors: 5
Number of passengers: 49
traffic: low
Waiting Time Statistics:
Min: 0
Max: 19
Mean: 8.408163265306122
Std: 5.798413458822663

Total Service Time Statistics:
Min: 5
Max: 37
Mean: 17.877551020408163
Std: 8.074219913458164
