iteration: 69
System used: oscillation
Number of floors: 40
Number of passengers: 173
traffic: low
Waiting Time Statistics:
Min: 0
Max: 276
Mean: 81.21965317919076
Std: 58.10253832961286

Total Service Time Statistics:
Min: 8
Max: 360
Mean: 136.29479768786126
Std: 71.06539591133236
