iteration: 67
System used: oscillation
Number of floors: 40
Number of passengers: 189
traffic: low
Waiting Time Statistics:
Min: 0
Max: 256
Mean: 85.32804232804233
Std: 57.66740945889911

Total Service Time Statistics:
Min: 12
Max: 316
Mean: 142.32275132275132
Std: 66.41941654755496
