iteration: 87
System used: oscillation
Number of floors: 20
Number of passengers: 130
traffic: low
Waiting Time Statistics:
Min: 0
Max: 79
Mean: 35.13076923076923
Std: 21.749592693874373

Total Service Time Statistics:
Min: 8
Max: 139
Mean: 66.7
Std: 30.721214547211734
