iteration: 29
System used: oscillation
Number of floors: 40
Number of passengers: 188
traffic: low
Waiting Time Statistics:
Min: 0
Max: 248
Mean: 83.94680851063829
Std: 57.457329811941456

Total Service Time Statistics:
Min: 14
Max: 316
Mean: 140.62765957446808
Std: 66.56611590746816
