iteration: 16
System used: oscillation
Number of floors: 20
Number of passengers: 150
traffic: low
Waiting Time Statistics:
Min: 0
Max: 79
Mean: 36.693333333333335
Std: 24.06226449665399

Total Service Time Statistics:
Min: 6
Max: 146
Mean: 64.98666666666666
Std: 29.761915817191937
