iteration: 48
System used: oscillation
Number of floors: 5
Number of passengers: 51
traffic: low
Waiting Time Statistics:
Min: 0
Max: 19
Mean: 9.490196078431373
Std: 6.703350055068309

Total Service Time Statistics:
Min: 4
Max: 34
Mean: 19.215686274509803
Std: 7.4520164398374655
