iteration: 73
System used: oscillation
Number of floors: 5
Number of passengers: 47
traffic: low
Waiting Time Statistics:
Min: 0
Max: 19
Mean: 9.085106382978724
Std: 6.429652053720706

Total Service Time Statistics:
Min: 4
Max: 38
Mean: 17.425531914893618
Std: 8.378919409553081
