iteration: 17
System used: oscillation
Number of floors: 20
Number of passengers: 137
traffic: low
Waiting Time Statistics:
Min: 0
Max: 79
Mean: 41.372262773722625
Std: 24.347063870350215

Total Service Time Statistics:
Min: 4
Max: 138
Mean: 70.5985401459854
Std: 30.920072448267273
