iteration: 68
System used: oscillation
Number of floors: 20
Number of passengers: 128
traffic: low
Waiting Time Statistics:
Min: 0
Max: 112
Mean: 31.8828125
Std: 23.540757449982312

Total Service Time Statistics:
Min: 6
Max: 160
Mean: 59.6015625
Std: 28.93825624851512
