iteration: 2
System used: oscillation
Number of floors: 40
Number of passengers: 199
traffic: low
Waiting Time Statistics:
Min: 0
Max: 276
Mean: 82.78894472361809
Std: 60.28229616312694

Total Service Time Statistics:
Min: 4
Max: 304
Mean: 132.87939698492463
Std: 68.32058659854941
