iteration: 51
System used: oscillation
Number of floors: 5
Number of passengers: 48
traffic: low
Waiting Time Statistics:
Min: 0
Max: 18
Mean: 8.645833333333334
Std: 5.463572143513425

Total Service Time Statistics:
Min: 5
Max: 34
Mean: 17.895833333333332
Std: 6.72005440496383
