iteration: 75
System used: oscillation
Number of floors: 5
Number of passengers: 57
traffic: low
Waiting Time Statistics:
Min: 0
Max: 19
Mean: 9.912280701754385
Std: 5.898791346400627

Total Service Time Statistics:
Min: 4
Max: 33
Mean: 19.385964912280702
Std: 7.596414534796081
