iteration: 4
System used: oscillation
Number of floors: 5
Number of passengers: 54
traffic: low
Waiting Time Statistics:
Min: 0
Max: 19
Mean: 8.222222222222221
Std: 6.1142168589887405

Total Service Time Statistics:
Min: 4
Max: 35
Mean: 18.0
Std: 7.952690300701262
