iteration: 40
System used: oscillation
Number of floors: 20
Number of passengers: 138
traffic: low
Waiting Time Statistics:
Min: 0
Max: 79
Mean: 38.28260869565217
Std: 22.30936732669253

Total Service Time Statistics:
Min: 8
Max: 143
Mean: 65.5
Std: 30.0212212048034
