iteration: 43
System used: oscillation
Number of floors: 5
Number of passengers: 43
traffic: low
Waiting Time Statistics:
Min: 0
Max: 19
Mean: 8.255813953488373
Std: 5.79035743306558

Total Service Time Statistics:
Min: 4
Max: 38
Mean: 17.27906976744186
Std: 8.592149188968545
