iteration: 4
System used: dual
Number of floors: 5
Number of passengers: 145
traffic: moderate
Waiting Time Statistics:
Min: 0
Max: 33
Mean: 8.386206896551725
Std: 5.926852976656039

Total Service Time Statistics:
Min: 4
Max: 51
Mean: 19.82758620689655
Std: 8.130314353962758
