iteration: 28
System used: dual
Number of floors: 20
Number of passengers: 277
traffic: moderate
Waiting Time Statistics:
Min: 0
Max: 169
Mean: 28.880866425992778
Std: 31.181043839146245

Total Service Time Statistics:
Min: 7
Max: 225
Mean: 49.62093862815885
Std: 37.908509166567434
