iteration: 18
System used: dual
Number of floors: 5
Number of passengers: 138
traffic: moderate
Waiting Time Statistics:
Min: 0
Max: 32
Mean: 8.521739130434783
Std: 6.3248062101288065

Total Service Time Statistics:
Min: 5
Max: 50
Mean: 19.579710144927535
Std: 8.70255570667488
