iteration: 11
System used: dual
Number of floors: 20
Number of passengers: 247
traffic: moderate
Waiting Time Statistics:
Min: 0
Max: 146
Mean: 25.032388663967613
Std: 24.61522934721117

Total Service Time Statistics:
Min: 5
Max: 184
Mean: 46.08906882591093
Std: 32.297778654885214
