iteration: 62
System used: dual
Number of floors: 40
Number of passengers: 799
traffic: moderate
Waiting Time Statistics:
Min: 0
Max: 5315
Mean: 1079.9211514392991
Std: 1254.2732161665008

Total Service Time Statistics:
Min: 33
Max: 5335
Mean: 1161.252816020025
Std: 1244.8486581179254
