iteration: 14
System used: dual
Number of floors: 40
Number of passengers: 769
traffic: moderate
Waiting Time Statistics:
Min: 0
Max: 5517
Mean: 1008.966189856957
Std: 1215.759804608303

Total Service Time Statistics:
Min: 10
Max: 5578
Mean: 1092.4538361508453
Std: 1207.2552733646041
