iteration: 67
System used: dual
Number of floors: 20
Number of passengers: 274
traffic: moderate
Waiting Time Statistics:
Min: 0
Max: 244
Mean: 37.54014598540146
Std: 47.80983616033675

Total Service Time Statistics:
Min: 5
Max: 288
Mean: 60.27372262773723
Std: 57.94270476866031
