iteration: 60
System used: dual
Number of floors: 40
Number of passengers: 832
traffic: moderate
Waiting Time Statistics:
Min: 0
Max: 5749
Mean: 1215.9086538461538
Std: 1343.8545245755781

Total Service Time Statistics:
Min: 14
Max: 5787
Mean: 1300.6899038461538
Std: 1338.0307116479455
