iteration: 74
System used: dual
Number of floors: 5
Number of passengers: 130
traffic: moderate
Waiting Time Statistics:
Min: 0
Max: 33
Mean: 8.238461538461538
Std: 6.374371951010317

Total Service Time Statistics:
Min: 4
Max: 53
Mean: 19.5
Std: 9.778357687759609
