iteration: 3
System used: dual
Number of floors: 5
Number of passengers: 133
traffic: moderate
Waiting Time Statistics:
Min: 0
Max: 35
Mean: 8.1203007518797
Std: 7.088229246310887

Total Service Time Statistics:
Min: 4
Max: 45
Mean: 19.43609022556391
Std: 8.358767292996278
