iteration: 42
System used: dual
Number of floors: 40
Number of passengers: 778
traffic: moderate
Waiting Time Statistics:
Min: 0
Max: 5515
Mean: 1090.9215938303341
Std: 1201.9233472161607

Total Service Time Statistics:
Min: 16
Max: 5540
Mean: 1171.2699228791773
Std: 1197.1457557498602
