iteration: 2
System used: dual
Number of floors: 20
Number of passengers: 299
traffic: moderate
Waiting Time Statistics:
Min: 0
Max: 195
Mean: 31.301003344481604
Std: 32.071800200759526

Total Service Time Statistics:
Min: 6
Max: 243
Mean: 52.862876254180605
Std: 38.9819859414706
