iteration: 85
System used: dual
Number of floors: 20
Number of passengers: 311
traffic: moderate
Waiting Time Statistics:
Min: 0
Max: 157
Mean: 26.906752411575564
Std: 25.044882023043744

Total Service Time Statistics:
Min: 4
Max: 202
Mean: 47.92604501607717
Std: 31.628758811958836
