iteration: 56
System used: dual
Number of floors: 20
Number of passengers: 304
traffic: moderate
Waiting Time Statistics:
Min: 0
Max: 301
Mean: 38.63157894736842
Std: 42.575296794839424

Total Service Time Statistics:
Min: 4
Max: 368
Mean: 61.9703947368421
Std: 51.06634310251195
