iteration: 40
System used: dual
Number of floors: 5
Number of passengers: 132
traffic: moderate
Waiting Time Statistics:
Min: 0
Max: 49
Mean: 8.818181818181818
Std: 8.163237441355097

Total Service Time Statistics:
Min: 5
Max: 71
Mean: 19.53787878787879
Std: 10.188607095677062
