iteration: 69
System used: dual
Number of floors: 5
Number of passengers: 137
traffic: moderate
Waiting Time Statistics:
Min: 0
Max: 40
Mean: 8.824817518248175
Std: 7.307226288588032

Total Service Time Statistics:
Min: 4
Max: 60
Mean: 19.583941605839417
Std: 9.221651580867606
