iteration: 35
System used: dual
Number of floors: 20
Number of passengers: 286
traffic: moderate
Waiting Time Statistics:
Min: 0
Max: 220
Mean: 30.181818181818183
Std: 32.1127697972479

Total Service Time Statistics:
Min: 4
Max: 279
Mean: 50.33566433566433
Std: 39.26499160444913
