iteration: 0
System used: dual
Number of floors: 5
Number of passengers: 149
traffic: moderate
Waiting Time Statistics:
Min: 0
Max: 40
Mean: 7.523489932885906
Std: 6.226126179056533

Total Service Time Statistics:
Min: 4
Max: 49
Mean: 18.268456375838927
Std: 8.291668622603689
