iteration: 66
System used: dual
Number of floors: 5
Number of passengers: 148
traffic: moderate
Waiting Time Statistics:
Min: 0
Max: 39
Mean: 7.871621621621622
Std: 6.24148988558904

Total Service Time Statistics:
Min: 5
Max: 50
Mean: 18.29054054054054
Std: 8.175168456837143
