iteration: 10
System used: dual
Number of floors: 40
Number of passengers: 785
traffic: moderate
Waiting Time Statistics:
Min: 0
Max: 5445
Mean: 1021.1770700636943
Std: 1207.069707413445

Total Service Time Statistics:
Min: 10
Max: 5482
Mean: 1101.48025477707
Std: 1198.4572044286244
