iteration: 15
System used: dual
Number of floors: 40
Number of passengers: 738
traffic: moderate
Waiting Time Statistics:
Min: 0
Max: 4711
Mean: 886.9688346883469
Std: 1048.3024154561917

Total Service Time Statistics:
Min: 4
Max: 4753
Mean: 967.6788617886178
Std: 1045.178634690173
