iteration: 17
System used: dual
Number of floors: 40
Number of passengers: 783
traffic: moderate
Waiting Time Statistics:
Min: 0
Max: 5548
Mean: 1036.3652618135377
Std: 1154.0284382259263

Total Service Time Statistics:
Min: 7
Max: 5580
Mean: 1117.2554278416346
Std: 1146.44861562973
