iteration: 47
System used: dual
Number of floors: 20
Number of passengers: 284
traffic: moderate
Waiting Time Statistics:
Min: 0
Max: 249
Mean: 30.169014084507044
Std: 31.555766292449434

Total Service Time Statistics:
Min: 6
Max: 278
Mean: 50.140845070422536
Std: 39.90316751940777
