iteration: 92
System used: dual
Number of floors: 40
Number of passengers: 763
traffic: moderate
Waiting Time Statistics:
Min: 0
Max: 4852
Mean: 926.0642201834862
Std: 1088.296630628713

Total Service Time Statistics:
Min: 8
Max: 4902
Mean: 1008.1179554390563
Std: 1085.1167876137429
