iteration: 77
System used: dual
Number of floors: 20
Number of passengers: 254
traffic: moderate
Waiting Time Statistics:
Min: 0
Max: 154
Mean: 24.393700787401574
Std: 23.878532366734127

Total Service Time Statistics:
Min: 7
Max: 177
Mean: 43.83464566929134
Std: 29.734733361100982
