iteration: 82
System used: dual
Number of floors: 20
Number of passengers: 264
traffic: moderate
Waiting Time Statistics:
Min: 0
Max: 158
Mean: 26.640151515151516
Std: 27.626295843456607

Total Service Time Statistics:
Min: 5
Max: 183
Mean: 45.99242424242424
Std: 30.7949174148494
