iteration: 82
System used: dual
Number of floors: 5
Number of passengers: 126
traffic: moderate
Waiting Time Statistics:
Min: 0
Max: 48
Mean: 8.38888888888889
Std: 6.465876240352544

Total Service Time Statistics:
Min: 4
Max: 69
Mean: 19.22222222222222
Std: 9.529649637957432
