iteration: 36
System used: dual
Number of floors: 40
Number of passengers: 783
traffic: moderate
Waiting Time Statistics:
Min: 0
Max: 5460
Mean: 1027.98595146871
Std: 1264.0216048190969

Total Service Time Statistics:
Min: 22
Max: 5478
Mean: 1108.0421455938697
Std: 1256.4139270248436
