iteration: 44
System used: dual
Number of floors: 20
Number of passengers: 298
traffic: moderate
Waiting Time Statistics:
Min: 0
Max: 150
Mean: 30.27181208053691
Std: 29.68187008124864

Total Service Time Statistics:
Min: 7
Max: 193
Mean: 49.96979865771812
Std: 34.300844105599374
