iteration: 8
System used: dual
Number of floors: 20
Number of passengers: 273
traffic: moderate
Waiting Time Statistics:
Min: 0
Max: 143
Mean: 26.494505494505493
Std: 27.503224527413156

Total Service Time Statistics:
Min: 4
Max: 203
Mean: 46.76190476190476
Std: 35.85589642057843
