iteration: 99
System used: dual
Number of floors: 20
Number of passengers: 289
traffic: moderate
Waiting Time Statistics:
Min: 0
Max: 207
Mean: 31.996539792387544
Std: 32.14598841719948

Total Service Time Statistics:
Min: 5
Max: 248
Mean: 50.63667820069204
Std: 39.11835900379204
