iteration: 45
System used: dual
Number of floors: 5
Number of passengers: 147
traffic: moderate
Waiting Time Statistics:
Min: 0
Max: 41
Mean: 9.700680272108844
Std: 8.015750732653355

Total Service Time Statistics:
Min: 4
Max: 56
Mean: 20.068027210884352
Std: 10.227320290673488
