iteration: 22
System used: dual
Number of floors: 20
Number of passengers: 283
traffic: moderate
Waiting Time Statistics:
Min: 0
Max: 202
Mean: 27.325088339222614
Std: 29.680693863206574

Total Service Time Statistics:
Min: 5
Max: 212
Mean: 46.01766784452297
Std: 34.464233267020575
