iteration: 15
System used: dual
Number of floors: 20
Number of passengers: 271
traffic: moderate
Waiting Time Statistics:
Min: 0
Max: 180
Mean: 27.944649446494466
Std: 28.90432299729943

Total Service Time Statistics:
Min: 8
Max: 211
Mean: 47.535055350553506
Std: 35.242620292616124
