iteration: 66
System used: dual
Number of floors: 20
Number of passengers: 269
traffic: moderate
Waiting Time Statistics:
Min: 0
Max: 164
Mean: 28.2453531598513
Std: 28.373035252607504

Total Service Time Statistics:
Min: 4
Max: 228
Mean: 46.71375464684015
Std: 35.835494739686304
