iteration: 68
System used: dual
Number of floors: 40
Number of passengers: 759
traffic: moderate
Waiting Time Statistics:
Min: 0
Max: 5065
Mean: 983.9802371541502
Std: 1224.1584652967636

Total Service Time Statistics:
Min: 6
Max: 5113
Mean: 1066.4308300395257
Std: 1216.8597958225982
