iteration: 10
System used: dual
Number of floors: 20
Number of passengers: 289
traffic: moderate
Waiting Time Statistics:
Min: 0
Max: 190
Mean: 30.235294117647058
Std: 34.61875695823484

Total Service Time Statistics:
Min: 5
Max: 264
Mean: 51.719723183391004
Std: 43.00840912517762
