iteration: 39
System used: dual
Number of floors: 20
Number of passengers: 299
traffic: moderate
Waiting Time Statistics:
Min: 0
Max: 184
Mean: 30.32441471571906
Std: 28.076449550665377

Total Service Time Statistics:
Min: 5
Max: 237
Mean: 51.070234113712374
Std: 35.58662392380036
