iteration: 39
System used: dual
Number of floors: 5
Number of passengers: 126
traffic: moderate
Waiting Time Statistics:
Min: 0
Max: 48
Mean: 8.84920634920635
Std: 7.7325984872537745

Total Service Time Statistics:
Min: 5
Max: 55
Mean: 18.904761904761905
Std: 8.672188716976653
