iteration: 97
System used: dual
Number of floors: 40
Number of passengers: 726
traffic: moderate
Waiting Time Statistics:
Min: 0
Max: 4977
Mean: 840.5289256198347
Std: 1088.8843926429768

Total Service Time Statistics:
Min: 15
Max: 5039
Mean: 920.3898071625345
Std: 1084.2473166685077
