iteration: 25
System used: dual
Number of floors: 20
Number of passengers: 279
traffic: moderate
Waiting Time Statistics:
Min: 0
Max: 150
Mean: 27.71326164874552
Std: 26.030078128598344

Total Service Time Statistics:
Min: 6
Max: 194
Mean: 48.971326164874554
Std: 32.76896291079944
