iteration: 35
System used: dual
Number of floors: 5
Number of passengers: 132
traffic: moderate
Waiting Time Statistics:
Min: 0
Max: 29
Mean: 8.242424242424242
Std: 6.072238431943335

Total Service Time Statistics:
Min: 4
Max: 45
Mean: 19.734848484848484
Std: 8.538963099613593
