iteration: 82
System used: dual
Number of floors: 40
Number of passengers: 824
traffic: moderate
Waiting Time Statistics:
Min: 0
Max: 5888
Mean: 1179.8495145631068
Std: 1355.94084096759

Total Service Time Statistics:
Min: 18
Max: 5904
Mean: 1261.4878640776699
Std: 1346.1267824966744
