iteration: 23
System used: dual
Number of floors: 5
Number of passengers: 153
traffic: moderate
Waiting Time Statistics:
Min: 0
Max: 35
Mean: 9.542483660130719
Std: 7.36366160357076

Total Service Time Statistics:
Min: 4
Max: 51
Mean: 21.30065359477124
Std: 9.343647551679346
