iteration: 53
System used: dual
Number of floors: 40
Number of passengers: 730
traffic: moderate
Waiting Time Statistics:
Min: 0
Max: 4836
Mean: 912.7027397260274
Std: 1093.7874147985217

Total Service Time Statistics:
Min: 15
Max: 4884
Mean: 993.1328767123288
Std: 1090.699638357154
