iteration: 93
System used: dual
Number of floors: 20
Number of passengers: 287
traffic: moderate
Waiting Time Statistics:
Min: 0
Max: 188
Mean: 31.13240418118467
Std: 33.307896575281255

Total Service Time Statistics:
Min: 5
Max: 273
Mean: 51.275261324041814
Std: 41.70111997101595
