iteration: 70
System used: dual
Number of floors: 20
Number of passengers: 299
traffic: moderate
Waiting Time Statistics:
Min: 0
Max: 188
Mean: 33.50501672240803
Std: 32.87135502925687

Total Service Time Statistics:
Min: 7
Max: 222
Mean: 54.46488294314381
Std: 39.022037366569286
