iteration: 78
System used: dual
Number of floors: 40
Number of passengers: 774
traffic: moderate
Waiting Time Statistics:
Min: 0
Max: 5349
Mean: 1045.9883720930231
Std: 1243.7718053867302

Total Service Time Statistics:
Min: 13
Max: 5386
Mean: 1126.3165374677003
Std: 1237.1395540236279
