iteration: 83
System used: dual
Number of floors: 20
Number of passengers: 302
traffic: moderate
Waiting Time Statistics:
Min: 0
Max: 156
Mean: 32.996688741721854
Std: 29.332156488767307

Total Service Time Statistics:
Min: 6
Max: 212
Mean: 55.08278145695364
Std: 35.813977229501745
