iteration: 28
System used: dual
Number of floors: 40
Number of passengers: 778
traffic: moderate
Waiting Time Statistics:
Min: 0
Max: 5372
Mean: 1047.5989717223651
Std: 1213.711125479287

Total Service Time Statistics:
Min: 9
Max: 5452
Mean: 1132.0796915167095
Std: 1210.1304901393478
