iteration: 72
System used: dual
Number of floors: 5
Number of passengers: 144
traffic: moderate
Waiting Time Statistics:
Min: 0
Max: 41
Mean: 9.3125
Std: 7.313622455840432

Total Service Time Statistics:
Min: 4
Max: 77
Mean: 20.145833333333332
Std: 10.456683043858616
