iteration: 52
System used: dual
Number of floors: 20
Number of passengers: 286
traffic: moderate
Waiting Time Statistics:
Min: 0
Max: 206
Mean: 27.524475524475523
Std: 29.013567828604135

Total Service Time Statistics:
Min: 5
Max: 246
Mean: 48.6013986013986
Std: 37.39061517680885
