iteration: 61
System used: dual
Number of floors: 5
Number of passengers: 128
traffic: moderate
Waiting Time Statistics:
Min: 0
Max: 36
Mean: 7.5390625
Std: 6.197411631092198

Total Service Time Statistics:
Min: 5
Max: 56
Mean: 18.171875
Std: 9.25926594852485
