iteration: 43
System used: dual
Number of floors: 40
Number of passengers: 759
traffic: moderate
Waiting Time Statistics:
Min: 0
Max: 5356
Mean: 944.5573122529644
Std: 1123.2281028586053

Total Service Time Statistics:
Min: 15
Max: 5385
Mean: 1027.1172595520422
Std: 1118.446706394508
