iteration: 16
System used: dual
Number of floors: 40
Number of passengers: 797
traffic: moderate
Waiting Time Statistics:
Min: 0
Max: 5701
Mean: 1092.4341279799248
Std: 1263.6886363292133

Total Service Time Statistics:
Min: 11
Max: 5777
Mean: 1175.8168130489335
Std: 1257.5206739035568
