iteration: 67
System used: dual
Number of floors: 40
Number of passengers: 792
traffic: moderate
Waiting Time Statistics:
Min: 0
Max: 5554
Mean: 1148.5555555555557
Std: 1353.1520759047576

Total Service Time Statistics:
Min: 9
Max: 5600
Mean: 1229.8560606060605
Std: 1347.4526960639841
