iteration: 43
System used: dual
Number of floors: 20
Number of passengers: 299
traffic: moderate
Waiting Time Statistics:
Min: 0
Max: 250
Mean: 31.42809364548495
Std: 30.914213625317043

Total Service Time Statistics:
Min: 6
Max: 312
Mean: 51.070234113712374
Std: 37.69533132413458
