iteration: 30
System used: dual
Number of floors: 20
Number of passengers: 287
traffic: moderate
Waiting Time Statistics:
Min: 0
Max: 190
Mean: 32.42857142857143
Std: 32.88325852631839

Total Service Time Statistics:
Min: 5
Max: 233
Mean: 54.508710801393725
Std: 40.466153007683424
