iteration: 62
System used: dual
Number of floors: 5
Number of passengers: 127
traffic: moderate
Waiting Time Statistics:
Min: 0
Max: 39
Mean: 7.354330708661418
Std: 6.212541793868064

Total Service Time Statistics:
Min: 5
Max: 61
Mean: 17.669291338582678
Std: 8.700533753112584
