iteration: 25
System used: dual
Number of floors: 5
Number of passengers: 123
traffic: moderate
Waiting Time Statistics:
Min: 0
Max: 33
Mean: 8.268292682926829
Std: 5.853502763487786

Total Service Time Statistics:
Min: 4
Max: 46
Mean: 19.03252032520325
Std: 7.682143398977421
