iteration: 86
System used: dual
Number of floors: 5
Number of passengers: 146
traffic: moderate
Waiting Time Statistics:
Min: 0
Max: 36
Mean: 8.520547945205479
Std: 6.128755488320319

Total Service Time Statistics:
Min: 4
Max: 49
Mean: 19.273972602739725
Std: 9.16027446354748
