iteration: 12
System used: dual
Number of floors: 40
Number of passengers: 804
traffic: moderate
Waiting Time Statistics:
Min: 0
Max: 5478
Mean: 1146.2624378109454
Std: 1323.2985050740763

Total Service Time Statistics:
Min: 13
Max: 5503
Mean: 1226.7388059701493
Std: 1317.4405613968004
