iteration: 87
System used: dual
Number of floors: 5
Number of passengers: 140
traffic: moderate
Waiting Time Statistics:
Min: 0
Max: 32
Mean: 7.4
Std: 5.475649168176285

Total Service Time Statistics:
Min: 5
Max: 45
Mean: 17.792857142857144
Std: 8.292751822236117
