iteration: 76
System used: dual
Number of floors: 5
Number of passengers: 129
traffic: moderate
Waiting Time Statistics:
Min: 0
Max: 29
Mean: 8.643410852713178
Std: 6.348964543545175

Total Service Time Statistics:
Min: 4
Max: 63
Mean: 20.829457364341085
Std: 9.820358342977926
