iteration: 30
System used: dual
Number of floors: 5
Number of passengers: 139
traffic: moderate
Waiting Time Statistics:
Min: 0
Max: 30
Mean: 8.345323741007194
Std: 6.222577207602748

Total Service Time Statistics:
Min: 6
Max: 50
Mean: 19.66906474820144
Std: 8.93648156391284
