iteration: 74
System used: dual
Number of floors: 20
Number of passengers: 303
traffic: moderate
Waiting Time Statistics:
Min: 0
Max: 218
Mean: 39.0957095709571
Std: 43.40515367600057

Total Service Time Statistics:
Min: 4
Max: 269
Mean: 62.666666666666664
Std: 51.91056156280728
