iteration: 0
System used: dual
Number of floors: 20
Number of passengers: 277
traffic: moderate
Waiting Time Statistics:
Min: 0
Max: 232
Mean: 37.418772563176894
Std: 45.41225902223355

Total Service Time Statistics:
Min: 4
Max: 273
Mean: 60.104693140794225
Std: 52.44900780685572
