iteration: 81
System used: dual
Number of floors: 5
Number of passengers: 117
traffic: moderate
Waiting Time Statistics:
Min: 0
Max: 39
Mean: 7.846153846153846
Std: 5.818542572309881

Total Service Time Statistics:
Min: 4
Max: 53
Mean: 18.65811965811966
Std: 8.15281038191675
