iteration: 2
System used: dual
Number of floors: 5
Number of passengers: 118
traffic: moderate
Waiting Time Statistics:
Min: 0
Max: 33
Mean: 7.9576271186440675
Std: 6.4574796859114585

Total Service Time Statistics:
Min: 7
Max: 49
Mean: 18.75423728813559
Std: 8.018074070901376
