iteration: 86
System used: dual
Number of floors: 20
Number of passengers: 298
traffic: moderate
Waiting Time Statistics:
Min: 0
Max: 222
Mean: 27.57046979865772
Std: 26.680363914942482

Total Service Time Statistics:
Min: 5
Max: 238
Mean: 48.07046979865772
Std: 31.92855661824809
