iteration: 99
System used: dual
Number of floors: 5
Number of passengers: 143
traffic: moderate
Waiting Time Statistics:
Min: 0
Max: 50
Mean: 8.573426573426573
Std: 7.3976485705318344

Total Service Time Statistics:
Min: 4
Max: 69
Mean: 19.132867132867133
Std: 9.844021394461532
