iteration: 58
System used: dual
Number of floors: 20
Number of passengers: 278
traffic: moderate
Waiting Time Statistics:
Min: 0
Max: 164
Mean: 26.697841726618705
Std: 25.515523603945958

Total Service Time Statistics:
Min: 5
Max: 206
Mean: 47.276978417266186
Std: 32.419390321463744
