iteration: 91
System used: dual
Number of floors: 20
Number of passengers: 280
traffic: moderate
Waiting Time Statistics:
Min: 0
Max: 255
Mean: 32.589285714285715
Std: 32.94688719487856

Total Service Time Statistics:
Min: 5
Max: 328
Mean: 52.90357142857143
Std: 40.114370382863015
