iteration: 27
System used: dual
Number of floors: 40
Number of passengers: 784
traffic: moderate
Waiting Time Statistics:
Min: 0
Max: 5212
Mean: 1067.781887755102
Std: 1262.5675332912217

Total Service Time Statistics:
Min: 14
Max: 5341
Mean: 1149.655612244898
Std: 1258.7605202236439
