iteration: 69
System used: dual
Number of floors: 40
Number of passengers: 822
traffic: moderate
Waiting Time Statistics:
Min: 0
Max: 5849
Mean: 1167.6812652068127
Std: 1319.4688345962356

Total Service Time Statistics:
Min: 16
Max: 5874
Mean: 1250.8260340632603
Std: 1313.0391344984996
