iteration: 84
System used: dual
Number of floors: 5
Number of passengers: 124
traffic: moderate
Waiting Time Statistics:
Min: 0
Max: 40
Mean: 8.161290322580646
Std: 6.299292897179684

Total Service Time Statistics:
Min: 4
Max: 48
Mean: 19.766129032258064
Std: 8.427701970498275
