iteration: 46
System used: dual
Number of floors: 5
Number of passengers: 145
traffic: moderate
Waiting Time Statistics:
Min: 0
Max: 34
Mean: 7.972413793103448
Std: 5.8983811663151915

Total Service Time Statistics:
Min: 7
Max: 72
Mean: 19.16551724137931
Std: 8.66828013274664
