iteration: 26
System used: dual
Number of floors: 40
Number of passengers: 820
traffic: moderate
Waiting Time Statistics:
Min: 0
Max: 5719
Mean: 1187.470731707317
Std: 1338.7897448170504

Total Service Time Statistics:
Min: 19
Max: 5760
Mean: 1268.8085365853658
Std: 1331.7107099770028
