iteration: 72
System used: dual
Number of floors: 40
Number of passengers: 766
traffic: moderate
Waiting Time Statistics:
Min: 0
Max: 4899
Mean: 1001.748041775457
Std: 1141.5604183404619

Total Service Time Statistics:
Min: 6
Max: 4991
Mean: 1082.4595300261096
Std: 1134.202262192531
