iteration: 19
System used: dual
Number of floors: 40
Number of passengers: 785
traffic: moderate
Waiting Time Statistics:
Min: 0
Max: 5593
Mean: 1082.284076433121
Std: 1254.030325880622

Total Service Time Statistics:
Min: 4
Max: 5659
Mean: 1164.6394904458598
Std: 1246.1590083949245
