iteration: 56
System used: dual
Number of floors: 5
Number of passengers: 110
traffic: moderate
Waiting Time Statistics:
Min: 0
Max: 31
Mean: 8.645454545454545
Std: 6.123479198781926

Total Service Time Statistics:
Min: 5
Max: 50
Mean: 20.245454545454546
Std: 8.529695955556987
