iteration: 14
System used: dual
Number of floors: 5
Number of passengers: 144
traffic: moderate
Waiting Time Statistics:
Min: 0
Max: 36
Mean: 8.458333333333334
Std: 6.561036716647972

Total Service Time Statistics:
Min: 6
Max: 48
Mean: 20.020833333333332
Std: 8.242367734706203
