iteration: 20
System used: dual
Number of floors: 5
Number of passengers: 119
traffic: moderate
Waiting Time Statistics:
Min: 0
Max: 35
Mean: 9.378151260504202
Std: 6.728376030724254

Total Service Time Statistics:
Min: 5
Max: 57
Mean: 21.159663865546218
Std: 9.217690428475489
