iteration: 94
System used: dual
Number of floors: 20
Number of passengers: 276
traffic: moderate
Waiting Time Statistics:
Min: 0
Max: 201
Mean: 28.967391304347824
Std: 27.696189860815227

Total Service Time Statistics:
Min: 4
Max: 248
Mean: 49.927536231884055
Std: 34.64692302878163
