iteration: 88
System used: dual
Number of floors: 40
Number of passengers: 792
traffic: moderate
Waiting Time Statistics:
Min: 0
Max: 5630
Mean: 1125.9583333333333
Std: 1258.745933233192

Total Service Time Statistics:
Min: 4
Max: 5649
Mean: 1206.8497474747476
Std: 1257.5911571265399
