iteration: 13
System used: dual
Number of floors: 20
Number of passengers: 291
traffic: moderate
Waiting Time Statistics:
Min: 0
Max: 181
Mean: 29.75257731958763
Std: 30.17638866712998

Total Service Time Statistics:
Min: 6
Max: 241
Mean: 50.707903780068726
Std: 38.473643993550105
