iteration: 90
System used: dual
Number of floors: 20
Number of passengers: 266
traffic: moderate
Waiting Time Statistics:
Min: 0
Max: 161
Mean: 25.977443609022558
Std: 27.324870464341352

Total Service Time Statistics:
Min: 4
Max: 216
Mean: 45.98872180451128
Std: 33.00708707006144
