iteration: 50
System used: dual
Number of floors: 40
Number of passengers: 771
traffic: moderate
Waiting Time Statistics:
Min: 0
Max: 5131
Mean: 1031.0856031128405
Std: 1112.9409993289248

Total Service Time Statistics:
Min: 18
Max: 5193
Mean: 1113.7211413748378
Std: 1106.390357033573
