iteration: 7
System used: dual
Number of floors: 5
Number of passengers: 117
traffic: moderate
Waiting Time Statistics:
Min: 0
Max: 36
Mean: 8.017094017094017
Std: 7.569201326681911

Total Service Time Statistics:
Min: 4
Max: 48
Mean: 18.965811965811966
Std: 9.54565402460417
