iteration: 35
System used: dual
Number of floors: 40
Number of passengers: 743
traffic: moderate
Waiting Time Statistics:
Min: 0
Max: 4854
Mean: 918.5100942126514
Std: 1146.346918834412

Total Service Time Statistics:
Min: 14
Max: 4921
Mean: 1001.749663526245
Std: 1140.7814183816367
