iteration: 48
System used: dual
Number of floors: 20
Number of passengers: 307
traffic: moderate
Waiting Time Statistics:
Min: 0
Max: 197
Mean: 32.13680781758958
Std: 32.09291321562378

Total Service Time Statistics:
Min: 4
Max: 256
Mean: 52.579804560260584
Std: 39.60255136315692
