iteration: 16
System used: dual
Number of floors: 5
Number of passengers: 137
traffic: moderate
Waiting Time Statistics:
Min: 0
Max: 27
Mean: 8.656934306569344
Std: 6.0188893300767266

Total Service Time Statistics:
Min: 4
Max: 45
Mean: 19.0
Std: 7.975145213503676
