iteration: 21
System used: dual
Number of floors: 20
Number of passengers: 310
traffic: moderate
Waiting Time Statistics:
Min: 0
Max: 259
Mean: 35.68064516129032
Std: 37.45406610160751

Total Service Time Statistics:
Min: 4
Max: 312
Mean: 60.306451612903224
Std: 46.07436956766225
