iteration: 94
System used: dual
Number of floors: 5
Number of passengers: 136
traffic: moderate
Waiting Time Statistics:
Min: 0
Max: 37
Mean: 8.529411764705882
Std: 7.1925281976255295

Total Service Time Statistics:
Min: 5
Max: 48
Mean: 19.639705882352942
Std: 8.509404639589155
