iteration: 41
System used: dual
Number of floors: 20
Number of passengers: 271
traffic: moderate
Waiting Time Statistics:
Min: 0
Max: 205
Mean: 28.900369003690038
Std: 30.709047403915424

Total Service Time Statistics:
Min: 5
Max: 266
Mean: 49.74169741697417
Std: 38.05249389886186
