iteration: 75
System used: dual
Number of floors: 20
Number of passengers: 262
traffic: moderate
Waiting Time Statistics:
Min: 0
Max: 297
Mean: 30.53053435114504
Std: 37.30886183416595

Total Service Time Statistics:
Min: 4
Max: 309
Mean: 49.49618320610687
Std: 43.7355119386221
