iteration: 23
System used: dual
Number of floors: 20
Number of passengers: 287
traffic: moderate
Waiting Time Statistics:
Min: 0
Max: 160
Mean: 29.101045296167246
Std: 27.072169132909877

Total Service Time Statistics:
Min: 7
Max: 206
Mean: 49.034843205574916
Std: 34.26907368279347
