iteration: 8
System used: dual
Number of floors: 40
Number of passengers: 745
traffic: moderate
Waiting Time Statistics:
Min: 0
Max: 5272
Mean: 930.51677852349
Std: 1164.340275407428

Total Service Time Statistics:
Min: 11
Max: 5308
Mean: 1010.6711409395973
Std: 1159.3837295295098
