iteration: 29
System used: dual
Number of floors: 40
Number of passengers: 795
traffic: moderate
Waiting Time Statistics:
Min: 0
Max: 5654
Mean: 1104.3056603773584
Std: 1267.8752246555557

Total Service Time Statistics:
Min: 10
Max: 5673
Mean: 1184.7408805031446
Std: 1263.1088135382536
