iteration: 81
System used: dual
Number of floors: 40
Number of passengers: 756
traffic: moderate
Waiting Time Statistics:
Min: 0
Max: 4871
Mean: 905.0833333333334
Std: 1119.6346422468382

Total Service Time Statistics:
Min: 7
Max: 5015
Mean: 988.0132275132275
Std: 1113.2386259178206
