iteration: 97
System used: dual
Number of floors: 5
Number of passengers: 142
traffic: moderate
Waiting Time Statistics:
Min: 0
Max: 35
Mean: 8.619718309859154
Std: 6.918709749724942

Total Service Time Statistics:
Min: 5
Max: 46
Mean: 19.507042253521128
Std: 8.276041194699191
