iteration: 29
System used: dual
Number of floors: 5
Number of passengers: 148
traffic: moderate
Waiting Time Statistics:
Min: 0
Max: 37
Mean: 8.83108108108108
Std: 7.422514484478471

Total Service Time Statistics:
Min: 4
Max: 50
Mean: 19.77027027027027
Std: 8.71084599919521
