iteration: 89
System used: dual
Number of floors: 40
Number of passengers: 762
traffic: moderate
Waiting Time Statistics:
Min: 0
Max: 5235
Mean: 967.9829396325459
Std: 1151.1742920575089

Total Service Time Statistics:
Min: 10
Max: 5323
Mean: 1047.9120734908136
Std: 1149.0826548080493
