iteration: 1
System used: dual
Number of floors: 40
Number of passengers: 769
traffic: moderate
Waiting Time Statistics:
Min: 0
Max: 5641
Mean: 1062.9362808842652
Std: 1268.4287051502622

Total Service Time Statistics:
Min: 4
Max: 5651
Mean: 1141.405721716515
Std: 1262.9895396886914
