iteration: 0
System used: dual
Number of floors: 40
Number of passengers: 769
traffic: moderate
Waiting Time Statistics:
Min: 0
Max: 5244
Mean: 1048.2470741222367
Std: 1199.5440415528276

Total Service Time Statistics:
Min: 12
Max: 5319
Mean: 1130.9778933680104
Std: 1194.5742936294266
