iteration: 49
System used: dual
Number of floors: 5
Number of passengers: 156
traffic: moderate
Waiting Time Statistics:
Min: 0
Max: 29
Mean: 7.826923076923077
Std: 6.150964741051404

Total Service Time Statistics:
Min: 5
Max: 48
Mean: 18.557692307692307
Std: 8.15672323884029
