iteration: 12
System used: dual
Number of floors: 5
Number of passengers: 146
traffic: moderate
Waiting Time Statistics:
Min: 0
Max: 37
Mean: 8.424657534246576
Std: 7.413720380612447

Total Service Time Statistics:
Min: 4
Max: 51
Mean: 19.513698630136986
Std: 9.708322985526824
