iteration: 48
System used: dual
Number of floors: 40
Number of passengers: 782
traffic: moderate
Waiting Time Statistics:
Min: 0
Max: 5219
Mean: 1080.1061381074169
Std: 1264.2588523821187

Total Service Time Statistics:
Min: 8
Max: 5311
Mean: 1162.4808184143224
Std: 1259.9023452656907
