iteration: 59
System used: dual
Number of floors: 5
Number of passengers: 142
traffic: moderate
Waiting Time Statistics:
Min: 0
Max: 37
Mean: 8.204225352112676
Std: 6.627407880255116

Total Service Time Statistics:
Min: 4
Max: 60
Mean: 19.161971830985916
Std: 8.743497948075198
