iteration: 34
System used: dual
Number of floors: 40
Number of passengers: 756
traffic: moderate
Waiting Time Statistics:
Min: 0
Max: 5469
Mean: 1020.8478835978837
Std: 1229.6227879601986

Total Service Time Statistics:
Min: 11
Max: 5542
Mean: 1103.457671957672
Std: 1224.7626966505086
