iteration: 11
System used: dual
Number of floors: 5
Number of passengers: 138
traffic: moderate
Waiting Time Statistics:
Min: 0
Max: 38
Mean: 7.8768115942028984
Std: 5.973729469474085

Total Service Time Statistics:
Min: 4
Max: 54
Mean: 18.63768115942029
Std: 8.286777814961189
