iteration: 32
System used: dual
Number of floors: 5
Number of passengers: 145
traffic: moderate
Waiting Time Statistics:
Min: 0
Max: 36
Mean: 8.53103448275862
Std: 6.989133601938593

Total Service Time Statistics:
Min: 5
Max: 59
Mean: 19.99310344827586
Std: 9.843565687321492
