iteration: 68
System used: dual
Number of floors: 5
Number of passengers: 132
traffic: moderate
Waiting Time Statistics:
Min: 0
Max: 37
Mean: 8.856060606060606
Std: 7.1217681308279035

Total Service Time Statistics:
Min: 4
Max: 50
Mean: 19.242424242424242
Std: 8.64315571091207
