iteration: 40
System used: dual
Number of floors: 40
Number of passengers: 714
traffic: moderate
Waiting Time Statistics:
Min: 0
Max: 5034
Mean: 821.4705882352941
Std: 1016.5947198955092

Total Service Time Statistics:
Min: 11
Max: 5080
Mean: 901.1736694677871
Std: 1013.8862193211294
