iteration: 90
System used: dual
Number of floors: 5
Number of passengers: 124
traffic: moderate
Waiting Time Statistics:
Min: 0
Max: 40
Mean: 8.96774193548387
Std: 7.449488970164403

Total Service Time Statistics:
Min: 5
Max: 63
Mean: 20.274193548387096
Std: 9.641828512679817
