iteration: 98
System used: dual
Number of floors: 40
Number of passengers: 766
traffic: moderate
Waiting Time Statistics:
Min: 0
Max: 5503
Mean: 1098.7558746736293
Std: 1274.7972199881933

Total Service Time Statistics:
Min: 15
Max: 5554
Mean: 1179.9634464751957
Std: 1270.1044602073343
