iteration: 51
System used: dual
Number of floors: 40
Number of passengers: 770
traffic: moderate
Waiting Time Statistics:
Min: 0
Max: 5058
Mean: 1030.6597402597401
Std: 1211.2602185751266

Total Service Time Statistics:
Min: 11
Max: 5126
Mean: 1114.8987012987013
Std: 1206.5622230319188
