iteration: 63
System used: dual
Number of floors: 20
Number of passengers: 269
traffic: moderate
Waiting Time Statistics:
Min: 0
Max: 174
Mean: 25.42007434944238
Std: 28.44171387336131

Total Service Time Statistics:
Min: 8
Max: 204
Mean: 45.79182156133829
Std: 34.22055014558574
