iteration: 32
System used: dual
Number of floors: 20
Number of passengers: 295
traffic: moderate
Waiting Time Statistics:
Min: 0
Max: 222
Mean: 36.9593220338983
Std: 40.9951677866029

Total Service Time Statistics:
Min: 7
Max: 328
Mean: 60.97627118644068
Std: 51.191146193787176
