iteration: 50
System used: dual
Number of floors: 20
Number of passengers: 301
traffic: moderate
Waiting Time Statistics:
Min: 0
Max: 172
Mean: 31.867109634551493
Std: 29.332841911719704

Total Service Time Statistics:
Min: 4
Max: 228
Mean: 53.19601328903654
Std: 36.10546750913435
