iteration: 31
System used: dual
Number of floors: 20
Number of passengers: 315
traffic: moderate
Waiting Time Statistics:
Min: 0
Max: 183
Mean: 31.825396825396826
Std: 31.61106175943144

Total Service Time Statistics:
Min: 5
Max: 241
Mean: 52.64126984126984
Std: 39.93475823865496
