iteration: 95
System used: dual
Number of floors: 5
Number of passengers: 145
traffic: moderate
Waiting Time Statistics:
Min: 0
Max: 33
Mean: 8.158620689655173
Std: 5.958975329130007

Total Service Time Statistics:
Min: 4
Max: 49
Mean: 18.641379310344828
Std: 8.707975161748253
