iteration: 75
System used: dual
Number of floors: 5
Number of passengers: 130
traffic: moderate
Waiting Time Statistics:
Min: 0
Max: 37
Mean: 8.107692307692307
Std: 6.563046836688012

Total Service Time Statistics:
Min: 4
Max: 48
Mean: 18.753846153846155
Std: 8.746260807664196
