iteration: 71
System used: dual
Number of floors: 40
Number of passengers: 782
traffic: moderate
Waiting Time Statistics:
Min: 0
Max: 5252
Mean: 1047.8388746803068
Std: 1251.8306071556935

Total Service Time Statistics:
Min: 7
Max: 5266
Mean: 1128.0345268542198
Std: 1247.9846186076984
