iteration: 57
System used: dual
Number of floors: 5
Number of passengers: 148
traffic: moderate
Waiting Time Statistics:
Min: 0
Max: 36
Mean: 8.277027027027026
Std: 7.044871677443495

Total Service Time Statistics:
Min: 5
Max: 52
Mean: 18.885135135135137
Std: 8.759464190621726
