iteration: 77
System used: dual
Number of floors: 5
Number of passengers: 146
traffic: moderate
Waiting Time Statistics:
Min: 0
Max: 39
Mean: 8.493150684931507
Std: 6.019791009480904

Total Service Time Statistics:
Min: 5
Max: 65
Mean: 18.91780821917808
Std: 8.265012964351447
