iteration: 99
System used: dual
Number of floors: 40
Number of passengers: 829
traffic: moderate
Waiting Time Statistics:
Min: 0
Max: 5790
Mean: 1162.2569360675514
Std: 1366.7033577049915

Total Service Time Statistics:
Min: 12
Max: 5854
Mean: 1243.0048250904704
Std: 1362.2631390007116
