iteration: 30
System used: dual
Number of floors: 40
Number of passengers: 777
traffic: moderate
Waiting Time Statistics:
Min: 0
Max: 5327
Mean: 1012.2741312741313
Std: 1200.1190193393097

Total Service Time Statistics:
Min: 11
Max: 5383
Mean: 1094.3951093951093
Std: 1190.7303700033085
