iteration: 4
System used: dual
Number of floors: 40
Number of passengers: 774
traffic: moderate
Waiting Time Statistics:
Min: 0
Max: 5305
Mean: 1041.3385012919896
Std: 1201.179123860065

Total Service Time Statistics:
Min: 4
Max: 5398
Mean: 1123.1976744186047
Std: 1197.4906518475927
