iteration: 28
System used: dual
Number of floors: 5
Number of passengers: 147
traffic: moderate
Waiting Time Statistics:
Min: 0
Max: 36
Mean: 7.931972789115647
Std: 6.408106877438855

Total Service Time Statistics:
Min: 4
Max: 46
Mean: 18.156462585034014
Std: 7.792427550321862
