iteration: 53
System used: dual
Number of floors: 5
Number of passengers: 126
traffic: moderate
Waiting Time Statistics:
Min: 0
Max: 48
Mean: 7.912698412698413
Std: 7.431844822136524

Total Service Time Statistics:
Min: 5
Max: 62
Mean: 19.134920634920636
Std: 8.625871016520637
