iteration: 3
System used: dual
Number of floors: 40
Number of passengers: 721
traffic: moderate
Waiting Time Statistics:
Min: 0
Max: 5083
Mean: 886.3300970873786
Std: 1068.299501178348

Total Service Time Statistics:
Min: 5
Max: 5162
Mean: 964.6019417475728
Std: 1062.2931594467393
