iteration: 73
System used: dual
Number of floors: 20
Number of passengers: 238
traffic: moderate
Waiting Time Statistics:
Min: 0
Max: 174
Mean: 28.886554621848738
Std: 32.489526840568296

Total Service Time Statistics:
Min: 5
Max: 227
Mean: 47.86134453781513
Std: 39.79082566958483
