iteration: 48
System used: dual
Number of floors: 5
Number of passengers: 127
traffic: moderate
Waiting Time Statistics:
Min: 0
Max: 43
Mean: 8.015748031496063
Std: 6.542879629090688

Total Service Time Statistics:
Min: 6
Max: 66
Mean: 19.251968503937007
Std: 8.893522258235501
