iteration: 69
System used: dual
Number of floors: 20
Number of passengers: 289
traffic: moderate
Waiting Time Statistics:
Min: 0
Max: 163
Mean: 28.235294117647058
Std: 25.814643776998615

Total Service Time Statistics:
Min: 5
Max: 260
Mean: 50.97231833910035
Std: 37.26750979902642
