iteration: 54
System used: dual
Number of floors: 20
Number of passengers: 264
traffic: moderate
Waiting Time Statistics:
Min: 0
Max: 183
Mean: 27.507575757575758
Std: 26.069516954726918

Total Service Time Statistics:
Min: 5
Max: 272
Mean: 48.73106060606061
Std: 33.04392199209844
