iteration: 17
System used: dual
Number of floors: 5
Number of passengers: 128
traffic: moderate
Waiting Time Statistics:
Min: 0
Max: 34
Mean: 9.0625
Std: 6.985643320298081

Total Service Time Statistics:
Min: 4
Max: 52
Mean: 19.3125
Std: 9.14773755429203
