iteration: 33
System used: dual
Number of floors: 5
Number of passengers: 128
traffic: moderate
Waiting Time Statistics:
Min: 0
Max: 48
Mean: 8.6796875
Std: 8.586689565650454

Total Service Time Statistics:
Min: 7
Max: 55
Mean: 20.0859375
Std: 10.083921359288507
