iteration: 89
System used: dual
Number of floors: 5
Number of passengers: 122
traffic: moderate
Waiting Time Statistics:
Min: 0
Max: 41
Mean: 8.836065573770492
Std: 6.84100501985015

Total Service Time Statistics:
Min: 7
Max: 51
Mean: 19.811475409836067
Std: 8.717164569729881
