iteration: 56
System used: dual
Number of floors: 40
Number of passengers: 752
traffic: moderate
Waiting Time Statistics:
Min: 0
Max: 4976
Mean: 993.2845744680851
Std: 1160.0974516558083

Total Service Time Statistics:
Min: 10
Max: 5069
Mean: 1075.0106382978724
Std: 1157.8027343453841
