iteration: 76
System used: dual
Number of floors: 40
Number of passengers: 804
traffic: moderate
Waiting Time Statistics:
Min: 0
Max: 5699
Mean: 1189.3930348258707
Std: 1359.204282364044

Total Service Time Statistics:
Min: 10
Max: 5722
Mean: 1273.4564676616915
Std: 1351.4046672593563
