iteration: 71
System used: dual
Number of floors: 5
Number of passengers: 135
traffic: moderate
Waiting Time Statistics:
Min: 0
Max: 39
Mean: 9.414814814814815
Std: 6.737492763195166

Total Service Time Statistics:
Min: 6
Max: 51
Mean: 19.585185185185185
Std: 9.34367467837474
