iteration: 39
System used: dual
Number of floors: 40
Number of passengers: 753
traffic: moderate
Waiting Time Statistics:
Min: 1
Max: 4901
Mean: 992.6865869853917
Std: 1155.3162376979164

Total Service Time Statistics:
Min: 8
Max: 4999
Mean: 1072.9123505976095
Std: 1151.5650822180926
