iteration: 60
System used: dual
Number of floors: 20
Number of passengers: 299
traffic: moderate
Waiting Time Statistics:
Min: 0
Max: 264
Mean: 28.96655518394649
Std: 31.926597102149035

Total Service Time Statistics:
Min: 4
Max: 288
Mean: 49.441471571906355
Std: 36.394912882616566
