iteration: 6
System used: dual
Number of floors: 40
Number of passengers: 748
traffic: moderate
Waiting Time Statistics:
Min: 0
Max: 5199
Mean: 932.0762032085562
Std: 1179.3752178561306

Total Service Time Statistics:
Min: 24
Max: 5256
Mean: 1011.8569518716578
Std: 1173.4401943932796
