iteration: 19
System used: dual
Number of floors: 5
Number of passengers: 132
traffic: moderate
Waiting Time Statistics:
Min: 0
Max: 39
Mean: 7.8106060606060606
Std: 6.691834577420906

Total Service Time Statistics:
Min: 6
Max: 53
Mean: 19.181818181818183
Std: 8.980741211031203
