iteration: 11
System used: dual
Number of floors: 40
Number of passengers: 799
traffic: moderate
Waiting Time Statistics:
Min: 0
Max: 5603
Mean: 1125.6470588235295
Std: 1295.2952472436798

Total Service Time Statistics:
Min: 16
Max: 5652
Mean: 1208.700876095119
Std: 1291.832669505512
