iteration: 5
System used: dual
Number of floors: 40
Number of passengers: 771
traffic: moderate
Waiting Time Statistics:
Min: 0
Max: 5461
Mean: 1041.0168612191958
Std: 1214.1839655969488

Total Service Time Statistics:
Min: 11
Max: 5524
Mean: 1123.9974059662775
Std: 1209.4804336878633
