iteration: 51
System used: dual
Number of floors: 5
Number of passengers: 139
traffic: moderate
Waiting Time Statistics:
Min: 0
Max: 35
Mean: 7.719424460431655
Std: 5.905081055756096

Total Service Time Statistics:
Min: 6
Max: 51
Mean: 19.20863309352518
Std: 8.06538032037115
