iteration: 2
System used: dual
Number of floors: 40
Number of passengers: 694
traffic: moderate
Waiting Time Statistics:
Min: 0
Max: 4876
Mean: 795.4510086455332
Std: 1006.8878787323277

Total Service Time Statistics:
Min: 14
Max: 4963
Mean: 875.693083573487
Std: 999.8115245377794
