iteration: 55
System used: dual
Number of floors: 5
Number of passengers: 128
traffic: moderate
Waiting Time Statistics:
Min: 0
Max: 37
Mean: 9.0625
Std: 7.43554985019959

Total Service Time Statistics:
Min: 4
Max: 59
Mean: 19.890625
Std: 9.111932451029583
