iteration: 22
System used: dual
Number of floors: 40
Number of passengers: 763
traffic: moderate
Waiting Time Statistics:
Min: 0
Max: 5044
Mean: 961.4390563564875
Std: 1095.222174464377

Total Service Time Statistics:
Min: 11
Max: 5070
Mean: 1043.9017038007864
Std: 1089.564798878478
