iteration: 47
System used: dual
Number of floors: 5
Number of passengers: 135
traffic: moderate
Waiting Time Statistics:
Min: 0
Max: 43
Mean: 8.318518518518518
Std: 6.988959151950996

Total Service Time Statistics:
Min: 5
Max: 63
Mean: 19.02962962962963
Std: 9.414929982650959
