iteration: 44
System used: dual
Number of floors: 40
Number of passengers: 757
traffic: moderate
Waiting Time Statistics:
Min: 0
Max: 5158
Mean: 949.2734478203434
Std: 1149.9210614708102

Total Service Time Statistics:
Min: 18
Max: 5197
Mean: 1030.689564068692
Std: 1147.0466782452609
