iteration: 50
System used: dual
Number of floors: 5
Number of passengers: 139
traffic: moderate
Waiting Time Statistics:
Min: 0
Max: 37
Mean: 7.733812949640288
Std: 6.153325411266053

Total Service Time Statistics:
Min: 5
Max: 51
Mean: 18.776978417266186
Std: 8.155235861904847
