iteration: 98
System used: dual
Number of floors: 20
Number of passengers: 292
traffic: moderate
Waiting Time Statistics:
Min: 0
Max: 175
Mean: 29.352739726027398
Std: 27.88419028893401

Total Service Time Statistics:
Min: 7
Max: 183
Mean: 50.215753424657535
Std: 32.77861843608066
