iteration: 37
System used: dual
Number of floors: 20
Number of passengers: 290
traffic: moderate
Waiting Time Statistics:
Min: 0
Max: 174
Mean: 29.455172413793104
Std: 32.257609131117945

Total Service Time Statistics:
Min: 6
Max: 228
Mean: 48.9
Std: 37.92854782989232
