iteration: 98
System used: dual
Number of floors: 5
Number of passengers: 136
traffic: moderate
Waiting Time Statistics:
Min: 0
Max: 35
Mean: 8.419117647058824
Std: 6.354415376039076

Total Service Time Statistics:
Min: 7
Max: 45
Mean: 19.25
Std: 8.203657720797473
