iteration: 59
System used: dual
Number of floors: 20
Number of passengers: 293
traffic: moderate
Waiting Time Statistics:
Min: 0
Max: 152
Mean: 28.409556313993175
Std: 26.850604776378187

Total Service Time Statistics:
Min: 4
Max: 228
Mean: 50.0580204778157
Std: 34.84948131784556
