iteration: 57
System used: dual
Number of floors: 20
Number of passengers: 265
traffic: moderate
Waiting Time Statistics:
Min: 0
Max: 175
Mean: 25.38867924528302
Std: 27.154786817661375

Total Service Time Statistics:
Min: 5
Max: 210
Mean: 44.19245283018868
Std: 31.455667752148614
