iteration: 64
System used: dual
Number of floors: 40
Number of passengers: 776
traffic: moderate
Waiting Time Statistics:
Min: 0
Max: 5555
Mean: 1037.3930412371135
Std: 1200.928580037761

Total Service Time Statistics:
Min: 12
Max: 5598
Mean: 1117.9884020618556
Std: 1194.3925808898298
