iteration: 24
System used: dual
Number of floors: 40
Number of passengers: 738
traffic: moderate
Waiting Time Statistics:
Min: 0
Max: 4991
Mean: 929.7357723577236
Std: 1102.7091195204448

Total Service Time Statistics:
Min: 13
Max: 5024
Mean: 1010.5745257452575
Std: 1098.7829929850172
