iteration: 38
System used: dual
Number of floors: 40
Number of passengers: 752
traffic: moderate
Waiting Time Statistics:
Min: 0
Max: 5161
Mean: 1026.2686170212767
Std: 1235.4826276486126

Total Service Time Statistics:
Min: 24
Max: 5193
Mean: 1107.844414893617
Std: 1230.3465886047186
