iteration: 81
System used: dual
Number of floors: 20
Number of passengers: 280
traffic: moderate
Waiting Time Statistics:
Min: 0
Max: 182
Mean: 28.760714285714286
Std: 28.563766797842256

Total Service Time Statistics:
Min: 5
Max: 205
Mean: 48.525
Std: 34.85339623897047
