iteration: 27
System used: dual
Number of floors: 5
Number of passengers: 146
traffic: moderate
Waiting Time Statistics:
Min: 0
Max: 41
Mean: 8.67123287671233
Std: 7.200679650911406

Total Service Time Statistics:
Min: 4
Max: 49
Mean: 19.938356164383563
Std: 8.470820179920475
