iteration: 67
System used: dual
Number of floors: 5
Number of passengers: 138
traffic: moderate
Waiting Time Statistics:
Min: 0
Max: 41
Mean: 7.804347826086956
Std: 6.469308445370773

Total Service Time Statistics:
Min: 5
Max: 62
Mean: 19.014492753623188
Std: 9.030350695428659
