iteration: 87
System used: dual
Number of floors: 40
Number of passengers: 790
traffic: moderate
Waiting Time Statistics:
Min: 0
Max: 5475
Mean: 1096.687341772152
Std: 1233.3152318269229

Total Service Time Statistics:
Min: 11
Max: 5527
Mean: 1178.4607594936708
Std: 1226.0840278920095
