iteration: 25
System used: dual
Number of floors: 40
Number of passengers: 760
traffic: moderate
Waiting Time Statistics:
Min: 0
Max: 5089
Mean: 968.0671052631579
Std: 1180.119677266442

Total Service Time Statistics:
Min: 23
Max: 5177
Mean: 1049.157894736842
Std: 1174.3931357188246
