iteration: 46
System used: dual
Number of floors: 40
Number of passengers: 787
traffic: moderate
Waiting Time Statistics:
Min: 0
Max: 5260
Mean: 1037.1664548919948
Std: 1203.1015850340577

Total Service Time Statistics:
Min: 10
Max: 5291
Mean: 1119.7585768742058
Std: 1197.5419832689004
