iteration: 19
System used: dual
Number of floors: 20
Number of passengers: 276
traffic: moderate
Waiting Time Statistics:
Min: 0
Max: 305
Mean: 33.460144927536234
Std: 35.44042692099738

Total Service Time Statistics:
Min: 5
Max: 315
Mean: 54.61231884057971
Std: 42.503968504169414
