iteration: 68
System used: dual
Number of floors: 20
Number of passengers: 318
traffic: moderate
Waiting Time Statistics:
Min: 0
Max: 198
Mean: 31.80817610062893
Std: 29.321953680490243

Total Service Time Statistics:
Min: 4
Max: 271
Mean: 51.34276729559748
Std: 36.78823525961331
