iteration: 51
System used: dual
Number of floors: 20
Number of passengers: 294
traffic: moderate
Waiting Time Statistics:
Min: 0
Max: 227
Mean: 31.17687074829932
Std: 32.95683404562523

Total Service Time Statistics:
Min: 4
Max: 260
Mean: 53.81292517006803
Std: 41.27997766374512
