iteration: 34
System used: dual
Number of floors: 20
Number of passengers: 313
traffic: moderate
Waiting Time Statistics:
Min: 0
Max: 270
Mean: 36.201277955271564
Std: 41.097145679195044

Total Service Time Statistics:
Min: 5
Max: 287
Mean: 58.17571884984026
Std: 47.45879911738488
