iteration: 97
System used: dual
Number of floors: 20
Number of passengers: 288
traffic: moderate
Waiting Time Statistics:
Min: 0
Max: 177
Mean: 30.760416666666668
Std: 30.995923568665678

Total Service Time Statistics:
Min: 4
Max: 227
Mean: 51.83680555555556
Std: 35.88072235128307
