iteration: 84
System used: dual
Number of floors: 40
Number of passengers: 767
traffic: moderate
Waiting Time Statistics:
Min: 0
Max: 5545
Mean: 1014.9230769230769
Std: 1198.0266054386366

Total Service Time Statistics:
Min: 15
Max: 5561
Mean: 1098.013037809648
Std: 1189.1526723506847
