iteration: 64
System used: dual
Number of floors: 5
Number of passengers: 144
traffic: moderate
Waiting Time Statistics:
Min: 0
Max: 47
Mean: 8.534722222222221
Std: 7.453269986303561

Total Service Time Statistics:
Min: 4
Max: 53
Mean: 19.479166666666668
Std: 9.090045850623282
