iteration: 9
System used: dual
Number of floors: 40
Number of passengers: 764
traffic: moderate
Waiting Time Statistics:
Min: 1
Max: 5256
Mean: 990.1335078534031
Std: 1156.1695209537554

Total Service Time Statistics:
Min: 9
Max: 5343
Mean: 1070.1858638743456
Std: 1150.8808476843371
