iteration: 87
System used: dual
Number of floors: 20
Number of passengers: 279
traffic: moderate
Waiting Time Statistics:
Min: 0
Max: 233
Mean: 30.06451612903226
Std: 29.230837583999353

Total Service Time Statistics:
Min: 5
Max: 273
Mean: 50.70967741935484
Std: 35.94987937217571
