iteration: 47
System used: single
Number of floors: 20
Number of passengers: 137
traffic: low
Waiting Time Statistics:
Min: 3
Max: 223
Mean: 31.18978102189781
Std: 36.200327599816674

Total Service Time Statistics:
Min: 7
Max: 246
Mean: 44.53284671532847
Std: 41.73323035784949
