iteration: 48
System used: single
Number of floors: 5
Number of passengers: 47
traffic: low
Waiting Time Statistics:
Min: 3
Max: 44
Mean: 8.659574468085106
Std: 8.299493425464831

Total Service Time Statistics:
Min: 7
Max: 50
Mean: 14.914893617021276
Std: 9.129097739202647
