iteration: 22
System used: single
Number of floors: 5
Number of passengers: 48
traffic: low
Waiting Time Statistics:
Min: 3
Max: 44
Mean: 7.854166666666667
Std: 7.751429746863955

Total Service Time Statistics:
Min: 7
Max: 48
Mean: 13.270833333333334
Std: 7.921797516127562
