iteration: 26
System used: single
Number of floors: 5
Number of passengers: 45
traffic: low
Waiting Time Statistics:
Min: 3
Max: 50
Mean: 8.222222222222221
Std: 9.448157321281053

Total Service Time Statistics:
Min: 8
Max: 57
Mean: 13.933333333333334
Std: 10.053041150002139
