iteration: 14
System used: single
Number of floors: 5
Number of passengers: 48
traffic: low
Waiting Time Statistics:
Min: 3
Max: 39
Mean: 8.520833333333334
Std: 7.704625809554169

Total Service Time Statistics:
Min: 8
Max: 46
Mean: 14.25
Std: 8.244921067193749
