iteration: 26
System used: single
Number of floors: 20
Number of passengers: 138
traffic: low
Waiting Time Statistics:
Min: 3
Max: 229
Mean: 34.971014492753625
Std: 42.780707506184555

Total Service Time Statistics:
Min: 7
Max: 267
Mean: 49.18840579710145
Std: 47.582360518121234
