iteration: 27
System used: single
Number of floors: 20
Number of passengers: 118
traffic: low
Waiting Time Statistics:
Min: 3
Max: 170
Mean: 32.313559322033896
Std: 39.43244773319928

Total Service Time Statistics:
Min: 8
Max: 204
Mean: 45.52542372881356
Std: 42.58198966506865
