iteration: 4
System used: single
Number of floors: 5
Number of passengers: 43
traffic: low
Waiting Time Statistics:
Min: 3
Max: 55
Mean: 7.976744186046512
Std: 9.998781764111788

Total Service Time Statistics:
Min: 7
Max: 61
Mean: 13.209302325581396
Std: 10.835475552740732
