iteration: 65
System used: single
Number of floors: 5
Number of passengers: 54
traffic: low
Waiting Time Statistics:
Min: 3
Max: 48
Mean: 7.2407407407407405
Std: 7.840232921995307

Total Service Time Statistics:
Min: 7
Max: 56
Mean: 12.685185185185185
Std: 8.44476855827294
