iteration: 74
System used: single
Number of floors: 5
Number of passengers: 33
traffic: low
Waiting Time Statistics:
Min: 3
Max: 38
Mean: 8.242424242424242
Std: 8.30297500534561

Total Service Time Statistics:
Min: 8
Max: 46
Mean: 14.515151515151516
Std: 9.324434339817927
