iteration: 35
System used: single
Number of floors: 5
Number of passengers: 44
traffic: low
Waiting Time Statistics:
Min: 3
Max: 52
Mean: 8.613636363636363
Std: 8.624507829815794

Total Service Time Statistics:
Min: 8
Max: 56
Mean: 14.75
Std: 9.183212692126716
