iteration: 94
System used: single
Number of floors: 5
Number of passengers: 42
traffic: low
Waiting Time Statistics:
Min: 3
Max: 41
Mean: 7.857142857142857
Std: 8.250857837356357

Total Service Time Statistics:
Min: 7
Max: 51
Mean: 13.547619047619047
Std: 9.224046995396698
