iteration: 29
System used: single
Number of floors: 20
Number of passengers: 128
traffic: low
Waiting Time Statistics:
Min: 3
Max: 163
Mean: 29.2734375
Std: 33.703831610900046

Total Service Time Statistics:
Min: 9
Max: 173
Mean: 44.578125
Std: 38.17131077832451
