iteration: 43
System used: single
Number of floors: 5
Number of passengers: 43
traffic: low
Waiting Time Statistics:
Min: 3
Max: 56
Mean: 8.465116279069768
Std: 9.552732935331976

Total Service Time Statistics:
Min: 8
Max: 60
Mean: 14.651162790697674
Std: 10.139230084723565
