iteration: 28
System used: single
Number of floors: 5
Number of passengers: 54
traffic: low
Waiting Time Statistics:
Min: 3
Max: 48
Mean: 6.981481481481482
Std: 7.99407974512068

Total Service Time Statistics:
Min: 7
Max: 55
Mean: 12.351851851851851
Std: 8.380474628355243
