iteration: 9
System used: single
Number of floors: 40
Number of passengers: 175
traffic: low
Waiting Time Statistics:
Min: 3
Max: 517
Mean: 82.65142857142857
Std: 100.97267574917213

Total Service Time Statistics:
Min: 10
Max: 561
Mean: 108.54285714285714
Std: 108.9812128850875
