iteration: 94
System used: single
Number of floors: 40
Number of passengers: 183
traffic: low
Waiting Time Statistics:
Min: 3
Max: 524
Mean: 85.4207650273224
Std: 105.57989009663777

Total Service Time Statistics:
Min: 10
Max: 555
Mean: 111.09289617486338
Std: 111.46564593624201
