iteration: 56
System used: single
Number of floors: 5
Number of passengers: 56
traffic: low
Waiting Time Statistics:
Min: 3
Max: 48
Mean: 7.482142857142857
Std: 7.90164786364458

Total Service Time Statistics:
Min: 7
Max: 52
Mean: 12.696428571428571
Std: 7.705770312168415
