iteration: 74
System used: single
Number of floors: 20
Number of passengers: 137
traffic: low
Waiting Time Statistics:
Min: 3
Max: 250
Mean: 34.11678832116788
Std: 42.28406487733234

Total Service Time Statistics:
Min: 8
Max: 263
Mean: 47.693430656934304
Std: 44.93272128216278
