iteration: 92
System used: single
Number of floors: 40
Number of passengers: 190
traffic: low
Waiting Time Statistics:
Min: 3
Max: 656
Mean: 99.52105263157895
Std: 115.37464660076398

Total Service Time Statistics:
Min: 16
Max: 705
Mean: 125.74736842105263
Std: 123.18463523555816
