iteration: 24
System used: single
Number of floors: 20
Number of passengers: 127
traffic: low
Waiting Time Statistics:
Min: 3
Max: 175
Mean: 33.10236220472441
Std: 36.67831733640014

Total Service Time Statistics:
Min: 8
Max: 210
Mean: 48.32283464566929
Std: 44.68938332956949
