iteration: 69
System used: single
Number of floors: 20
Number of passengers: 137
traffic: low
Waiting Time Statistics:
Min: 3
Max: 287
Mean: 35.18978102189781
Std: 47.803447581602214

Total Service Time Statistics:
Min: 8
Max: 291
Mean: 48.737226277372265
Std: 51.60031208196104
