iteration: 66
System used: single
Number of floors: 5
Number of passengers: 37
traffic: low
Waiting Time Statistics:
Min: 3
Max: 38
Mean: 8.405405405405405
Std: 9.013753255317553

Total Service Time Statistics:
Min: 7
Max: 49
Mean: 13.91891891891892
Std: 10.89438789871591
