iteration: 37
System used: single
Number of floors: 20
Number of passengers: 142
traffic: low
Waiting Time Statistics:
Min: 3
Max: 280
Mean: 36.232394366197184
Std: 46.6638295226154

Total Service Time Statistics:
Min: 7
Max: 304
Mean: 49.859154929577464
Std: 51.0351834625275
