iteration: 34
System used: single
Number of floors: 20
Number of passengers: 133
traffic: low
Waiting Time Statistics:
Min: 3
Max: 297
Mean: 33.4812030075188
Std: 44.553951207931924

Total Service Time Statistics:
Min: 8
Max: 309
Mean: 46.556390977443606
Std: 49.079467646379776
