iteration: 35
System used: single
Number of floors: 20
Number of passengers: 124
traffic: low
Waiting Time Statistics:
Min: 3
Max: 159
Mean: 29.524193548387096
Std: 32.274600174402146

Total Service Time Statistics:
Min: 8
Max: 173
Mean: 44.91129032258065
Std: 37.19625212713334
