iteration: 33
System used: single
Number of floors: 5
Number of passengers: 49
traffic: low
Waiting Time Statistics:
Min: 3
Max: 52
Mean: 7.816326530612245
Std: 8.70027171363955

Total Service Time Statistics:
Min: 7
Max: 58
Mean: 13.510204081632653
Std: 10.20849819386523
