iteration: 59
System used: single
Number of floors: 5
Number of passengers: 49
traffic: low
Waiting Time Statistics:
Min: 3
Max: 50
Mean: 8.040816326530612
Std: 9.039172122106164

Total Service Time Statistics:
Min: 7
Max: 54
Mean: 14.244897959183673
Std: 9.653433353486419
