iteration: 60
System used: single
Number of floors: 5
Number of passengers: 64
traffic: low
Waiting Time Statistics:
Min: 3
Max: 41
Mean: 7.296875
Std: 6.772211398223051

Total Service Time Statistics:
Min: 7
Max: 49
Mean: 13.109375
Std: 7.305395239353898
