iteration: 86
System used: single
Number of floors: 40
Number of passengers: 181
traffic: low
Waiting Time Statistics:
Min: 3
Max: 585
Mean: 91.05524861878453
Std: 108.80153817115854

Total Service Time Statistics:
Min: 8
Max: 624
Mean: 117.31491712707182
Std: 117.144569981895
