iteration: 63
System used: single
Number of floors: 40
Number of passengers: 175
traffic: low
Waiting Time Statistics:
Min: 3
Max: 602
Mean: 99.8
Std: 119.43656037421283

Total Service Time Statistics:
Min: 9
Max: 650
Mean: 126.36571428571429
Std: 127.12751753371775
