iteration: 85
System used: single
Number of floors: 40
Number of passengers: 180
traffic: low
Waiting Time Statistics:
Min: 3
Max: 534
Mean: 90.9
Std: 96.49019980919243

Total Service Time Statistics:
Min: 17
Max: 589
Mean: 116.94444444444444
Std: 103.70341909008857
