iteration: 93
System used: single
Number of floors: 5
Number of passengers: 52
traffic: low
Waiting Time Statistics:
Min: 3
Max: 37
Mean: 7.211538461538462
Std: 6.923493786678658

Total Service Time Statistics:
Min: 7
Max: 46
Mean: 13.038461538461538
Std: 7.831463786400814
