iteration: 14
System used: single
Number of floors: 20
Number of passengers: 134
traffic: low
Waiting Time Statistics:
Min: 3
Max: 218
Mean: 31.455223880597014
Std: 35.90078552173087

Total Service Time Statistics:
Min: 8
Max: 240
Mean: 45.21641791044776
Std: 38.80592969577408
