iteration: 31
System used: single
Number of floors: 40
Number of passengers: 164
traffic: low
Waiting Time Statistics:
Min: 3
Max: 431
Mean: 87.6890243902439
Std: 87.41604702553161

Total Service Time Statistics:
Min: 8
Max: 460
Mean: 114.02439024390245
Std: 94.93659176882817
