iteration: 78
System used: single
Number of floors: 5
Number of passengers: 59
traffic: low
Waiting Time Statistics:
Min: 3
Max: 46
Mean: 7.779661016949152
Std: 7.841243296495361

Total Service Time Statistics:
Min: 7
Max: 51
Mean: 13.288135593220339
Std: 7.933018835434998
