iteration: 71
System used: single
Number of floors: 20
Number of passengers: 147
traffic: low
Waiting Time Statistics:
Min: 3
Max: 167
Mean: 28.3265306122449
Std: 31.11163356946012

Total Service Time Statistics:
Min: 9
Max: 195
Mean: 41.666666666666664
Std: 35.42585027321022
