iteration: 83
System used: single
Number of floors: 40
Number of passengers: 189
traffic: low
Waiting Time Statistics:
Min: 3
Max: 542
Mean: 82.08465608465609
Std: 88.13163044326674

Total Service Time Statistics:
Min: 9
Max: 602
Mean: 108.19047619047619
Std: 92.00448482527102
