iteration: 52
System used: single
Number of floors: 5
Number of passengers: 60
traffic: low
Waiting Time Statistics:
Min: 3
Max: 45
Mean: 7.7
Std: 7.8228262264664625

Total Service Time Statistics:
Min: 7
Max: 53
Mean: 13.266666666666667
Std: 8.867894227075494
