iteration: 67
System used: single
Number of floors: 40
Number of passengers: 200
traffic: low
Waiting Time Statistics:
Min: 3
Max: 563
Mean: 87.785
Std: 86.0009861752502

Total Service Time Statistics:
Min: 15
Max: 603
Mean: 112.07
Std: 92.01947084761669
