iteration: 30
System used: single
Number of floors: 20
Number of passengers: 149
traffic: low
Waiting Time Statistics:
Min: 3
Max: 201
Mean: 33.691275167785236
Std: 33.51258322143745

Total Service Time Statistics:
Min: 10
Max: 221
Mean: 47.644295302013425
Std: 36.39332315981752
