iteration: 3
System used: single
Number of floors: 40
Number of passengers: 192
traffic: low
Waiting Time Statistics:
Min: 3
Max: 505
Mean: 90.48958333333333
Std: 94.37554421788697

Total Service Time Statistics:
Min: 7
Max: 541
Mean: 116.22916666666667
Std: 101.12741216110197
