iteration: 64
System used: single
Number of floors: 40
Number of passengers: 196
traffic: low
Waiting Time Statistics:
Min: 3
Max: 610
Mean: 89.76020408163265
Std: 96.15899572814453

Total Service Time Statistics:
Min: 9
Max: 647
Mean: 114.15816326530613
Std: 101.19856330536834
