iteration: 23
System used: single
Number of floors: 40
Number of passengers: 182
traffic: low
Waiting Time Statistics:
Min: 3
Max: 614
Mean: 100.25274725274726
Std: 124.264340716178

Total Service Time Statistics:
Min: 11
Max: 661
Mean: 125.65934065934066
Std: 129.8457410130628
