iteration: 69
System used: single
Number of floors: 5
Number of passengers: 53
traffic: low
Waiting Time Statistics:
Min: 3
Max: 41
Mean: 7.830188679245283
Std: 7.909915513155244

Total Service Time Statistics:
Min: 7
Max: 50
Mean: 13.754716981132075
Std: 8.807570302296677
