iteration: 11
System used: single
Number of floors: 40
Number of passengers: 170
traffic: low
Waiting Time Statistics:
Min: 3
Max: 513
Mean: 88.28823529411764
Std: 95.43996150096278

Total Service Time Statistics:
Min: 18
Max: 570
Mean: 113.45882352941176
Std: 101.25467954018345
