iteration: 25
System used: single
Number of floors: 5
Number of passengers: 44
traffic: low
Waiting Time Statistics:
Min: 3
Max: 42
Mean: 7.840909090909091
Std: 8.14103353766036

Total Service Time Statistics:
Min: 7
Max: 51
Mean: 13.25
Std: 8.850502547812594
