iteration: 12
System used: single
Number of floors: 20
Number of passengers: 138
traffic: low
Waiting Time Statistics:
Min: 3
Max: 174
Mean: 32.85507246376812
Std: 38.217882985870865

Total Service Time Statistics:
Min: 8
Max: 217
Mean: 46.79710144927536
Std: 44.005666426819005
