iteration: 46
System used: single
Number of floors: 40
Number of passengers: 195
traffic: low
Waiting Time Statistics:
Min: 3
Max: 642
Mean: 98.2974358974359
Std: 115.51723102418349

Total Service Time Statistics:
Min: 12
Max: 679
Mean: 126.40512820512821
Std: 121.34212930676622
