iteration: 77
System used: single
Number of floors: 40
Number of passengers: 184
traffic: low
Waiting Time Statistics:
Min: 3
Max: 602
Mean: 91.94021739130434
Std: 105.0923180523376

Total Service Time Statistics:
Min: 8
Max: 685
Mean: 118.48913043478261
Std: 112.65344067277566
