iteration: 29
System used: single
Number of floors: 5
Number of passengers: 61
traffic: low
Waiting Time Statistics:
Min: 3
Max: 48
Mean: 7.245901639344262
Std: 7.8159148274635095

Total Service Time Statistics:
Min: 7
Max: 53
Mean: 12.885245901639344
Std: 8.222121301010134
