iteration: 53
System used: single
Number of floors: 40
Number of passengers: 167
traffic: low
Waiting Time Statistics:
Min: 3
Max: 546
Mean: 87.21556886227545
Std: 101.9278695918042

Total Service Time Statistics:
Min: 9
Max: 559
Mean: 112.8502994011976
Std: 109.56236210336492
