iteration: 82
System used: single
Number of floors: 5
Number of passengers: 46
traffic: low
Waiting Time Statistics:
Min: 3
Max: 42
Mean: 8.41304347826087
Std: 8.330869200900473

Total Service Time Statistics:
Min: 7
Max: 53
Mean: 13.978260869565217
Std: 9.860108474577487
