iteration: 28
System used: single
Number of floors: 40
Number of passengers: 188
traffic: low
Waiting Time Statistics:
Min: 3
Max: 601
Mean: 97.67021276595744
Std: 105.54983497914913

Total Service Time Statistics:
Min: 9
Max: 629
Mean: 123.47340425531915
Std: 110.04376540688988
