iteration: 69
System used: single
Number of floors: 40
Number of passengers: 182
traffic: low
Waiting Time Statistics:
Min: 3
Max: 680
Mean: 89.02747252747253
Std: 102.22504862829489

Total Service Time Statistics:
Min: 8
Max: 688
Mean: 114.32967032967034
Std: 109.33925661655003
