iteration: 6
System used: single
Number of floors: 40
Number of passengers: 197
traffic: low
Waiting Time Statistics:
Min: 3
Max: 636
Mean: 91.95431472081218
Std: 105.15048955295917

Total Service Time Statistics:
Min: 11
Max: 643
Mean: 117.57360406091371
Std: 111.48936488909175
