iteration: 51
System used: single
Number of floors: 5
Number of passengers: 60
traffic: low
Waiting Time Statistics:
Min: 3
Max: 41
Mean: 8.416666666666666
Std: 7.649729510376228

Total Service Time Statistics:
Min: 7
Max: 50
Mean: 14.116666666666667
Std: 8.477470974547408
