iteration: 84
System used: single
Number of floors: 20
Number of passengers: 142
traffic: low
Waiting Time Statistics:
Min: 3
Max: 192
Mean: 32.11267605633803
Std: 32.67204296289862

Total Service Time Statistics:
Min: 7
Max: 207
Mean: 46.04225352112676
Std: 38.032810254812006
