iteration: 64
System used: single
Number of floors: 20
Number of passengers: 133
traffic: low
Waiting Time Statistics:
Min: 3
Max: 213
Mean: 33.26315789473684
Std: 39.57690915719672

Total Service Time Statistics:
Min: 9
Max: 234
Mean: 46.443609022556394
Std: 42.31598550548627
