iteration: 2
System used: single
Number of floors: 5
Number of passengers: 47
traffic: low
Waiting Time Statistics:
Min: 3
Max: 43
Mean: 8.106382978723405
Std: 8.43448934706725

Total Service Time Statistics:
Min: 7
Max: 51
Mean: 13.808510638297872
Std: 9.246946141887673
