iteration: 31
System used: single
Number of floors: 20
Number of passengers: 120
traffic: low
Waiting Time Statistics:
Min: 3
Max: 197
Mean: 26.141666666666666
Std: 33.5236767786874

Total Service Time Statistics:
Min: 7
Max: 210
Mean: 40.55833333333333
Std: 38.021399510384825
