iteration: 83
System used: single
Number of floors: 20
Number of passengers: 133
traffic: low
Waiting Time Statistics:
Min: 3
Max: 226
Mean: 30.533834586466167
Std: 35.750301730487756

Total Service Time Statistics:
Min: 7
Max: 244
Mean: 43.984962406015036
Std: 40.62429206141321
