iteration: 22
System used: single
Number of floors: 20
Number of passengers: 142
traffic: low
Waiting Time Statistics:
Min: 3
Max: 147
Mean: 31.246478873239436
Std: 30.014461436366858

Total Service Time Statistics:
Min: 8
Max: 170
Mean: 44.95070422535211
Std: 34.46847207052318
