iteration: 23
System used: single
Number of floors: 5
Number of passengers: 51
traffic: low
Waiting Time Statistics:
Min: 3
Max: 44
Mean: 7.490196078431373
Std: 7.192697822151596

Total Service Time Statistics:
Min: 7
Max: 52
Mean: 13.607843137254902
Std: 7.899565637103217
