iteration: 13
System used: single
Number of floors: 20
Number of passengers: 150
traffic: low
Waiting Time Statistics:
Min: 3
Max: 262
Mean: 36.18666666666667
Std: 48.39648701359708

Total Service Time Statistics:
Min: 7
Max: 277
Mean: 50.29333333333334
Std: 52.7550432293421
