iteration: 96
System used: single
Number of floors: 20
Number of passengers: 129
traffic: low
Waiting Time Statistics:
Min: 3
Max: 160
Mean: 30.100775193798448
Std: 33.345690538949405

Total Service Time Statistics:
Min: 7
Max: 186
Mean: 44.372093023255815
Std: 40.255836100077204
