iteration: 41
System used: single
Number of floors: 20
Number of passengers: 142
traffic: low
Waiting Time Statistics:
Min: 3
Max: 161
Mean: 29.901408450704224
Std: 30.637970661079166

Total Service Time Statistics:
Min: 8
Max: 177
Mean: 42.54225352112676
Std: 33.617502879454996
