iteration: 82
System used: single
Number of floors: 20
Number of passengers: 118
traffic: low
Waiting Time Statistics:
Min: 3
Max: 158
Mean: 30.95762711864407
Std: 36.46363229015172

Total Service Time Statistics:
Min: 9
Max: 205
Mean: 45.46610169491525
Std: 43.05605215772079
