iteration: 53
System used: single
Number of floors: 5
Number of passengers: 51
traffic: low
Waiting Time Statistics:
Min: 3
Max: 54
Mean: 8.137254901960784
Std: 9.612532669058947

Total Service Time Statistics:
Min: 7
Max: 61
Mean: 13.72549019607843
Std: 10.51109591122172
