iteration: 39
System used: single
Number of floors: 20
Number of passengers: 138
traffic: low
Waiting Time Statistics:
Min: 3
Max: 194
Mean: 30.02173913043478
Std: 35.71837683418266

Total Service Time Statistics:
Min: 7
Max: 214
Mean: 44.768115942028984
Std: 40.15340835176799
