iteration: 75
System used: single
Number of floors: 20
Number of passengers: 142
traffic: low
Waiting Time Statistics:
Min: 3
Max: 145
Mean: 28.704225352112676
Std: 29.910217598197967

Total Service Time Statistics:
Min: 8
Max: 170
Mean: 44.0
Std: 34.806048223086194
