iteration: 59
System used: single
Number of floors: 20
Number of passengers: 138
traffic: low
Waiting Time Statistics:
Min: 3
Max: 161
Mean: 30.992753623188406
Std: 33.61427754892161

Total Service Time Statistics:
Min: 10
Max: 192
Mean: 43.98550724637681
Std: 39.222923713452744
