iteration: 97
System used: single
Number of floors: 40
Number of passengers: 190
traffic: low
Waiting Time Statistics:
Min: 3
Max: 695
Mean: 107.95263157894736
Std: 129.4548719899218

Total Service Time Statistics:
Min: 9
Max: 701
Mean: 134.9842105263158
Std: 134.72281857432887
