iteration: 89
System used: single
Number of floors: 40
Number of passengers: 193
traffic: low
Waiting Time Statistics:
Min: 3
Max: 579
Mean: 97.80829015544042
Std: 107.69802271899906

Total Service Time Statistics:
Min: 15
Max: 646
Mean: 125.14507772020725
Std: 114.73737988481551
