iteration: 94
System used: single
Number of floors: 20
Number of passengers: 134
traffic: low
Waiting Time Statistics:
Min: 3
Max: 223
Mean: 35.45522388059702
Std: 39.76294713658803

Total Service Time Statistics:
Min: 10
Max: 229
Mean: 50.09701492537314
Std: 43.57309465126957
