iteration: 54
System used: single
Number of floors: 5
Number of passengers: 47
traffic: low
Waiting Time Statistics:
Min: 3
Max: 51
Mean: 8.46808510638298
Std: 9.593591755709024

Total Service Time Statistics:
Min: 7
Max: 64
Mean: 14.02127659574468
Std: 10.51394387117315
