iteration: 76
System used: single
Number of floors: 20
Number of passengers: 140
traffic: low
Waiting Time Statistics:
Min: 3
Max: 150
Mean: 29.214285714285715
Std: 32.433392889216336

Total Service Time Statistics:
Min: 7
Max: 179
Mean: 43.69285714285714
Std: 37.78372692780564
