iteration: 48
System used: single
Number of floors: 40
Number of passengers: 205
traffic: low
Waiting Time Statistics:
Min: 3
Max: 564
Mean: 90.40487804878049
Std: 102.42035152966693

Total Service Time Statistics:
Min: 13
Max: 620
Mean: 117.16585365853659
Std: 109.96983456651337
