iteration: 66
System used: single
Number of floors: 20
Number of passengers: 138
traffic: low
Waiting Time Statistics:
Min: 3
Max: 170
Mean: 35.07971014492754
Std: 36.47678225544286

Total Service Time Statistics:
Min: 7
Max: 188
Mean: 48.88405797101449
Std: 40.620025348651396
