iteration: 90
System used: single
Number of floors: 40
Number of passengers: 173
traffic: low
Waiting Time Statistics:
Min: 3
Max: 556
Mean: 94.70520231213872
Std: 109.6145987698549

Total Service Time Statistics:
Min: 9
Max: 594
Mean: 122.52601156069365
Std: 117.27727859768463
