iteration: 96
System used: single
Number of floors: 5
Number of passengers: 49
traffic: low
Waiting Time Statistics:
Min: 3
Max: 41
Mean: 8.020408163265307
Std: 8.0012754085374

Total Service Time Statistics:
Min: 7
Max: 49
Mean: 13.408163265306122
Std: 9.217099976282622
