iteration: 77
System used: single
Number of floors: 20
Number of passengers: 137
traffic: low
Waiting Time Statistics:
Min: 3
Max: 235
Mean: 30.40875912408759
Std: 36.05786908170823

Total Service Time Statistics:
Min: 8
Max: 264
Mean: 44.09489051094891
Std: 42.82949835783174
