iteration: 4
System used: single
Number of floors: 20
Number of passengers: 128
traffic: low
Waiting Time Statistics:
Min: 3
Max: 225
Mean: 34.015625
Std: 38.773110329784856

Total Service Time Statistics:
Min: 8
Max: 233
Mean: 48.875
Std: 43.80648210043518
