iteration: 80
System used: single
Number of floors: 20
Number of passengers: 145
traffic: low
Waiting Time Statistics:
Min: 3
Max: 173
Mean: 32.97241379310345
Std: 33.84501949811207

Total Service Time Statistics:
Min: 9
Max: 201
Mean: 47.80689655172414
Std: 39.92028455276773
