iteration: 9
System used: single
Number of floors: 5
Number of passengers: 46
traffic: low
Waiting Time Statistics:
Min: 3
Max: 44
Mean: 8.195652173913043
Std: 8.698964345042949

Total Service Time Statistics:
Min: 7
Max: 54
Mean: 13.934782608695652
Std: 9.803405698277722
