iteration: 11
System used: single
Number of floors: 20
Number of passengers: 148
traffic: low
Waiting Time Statistics:
Min: 3
Max: 220
Mean: 29.12837837837838
Std: 31.873961053982946

Total Service Time Statistics:
Min: 8
Max: 251
Mean: 43.736486486486484
Std: 37.57683493358197
