iteration: 4
System used: single
Number of floors: 40
Number of passengers: 183
traffic: low
Waiting Time Statistics:
Min: 3
Max: 502
Mean: 83.5846994535519
Std: 92.44655233880955

Total Service Time Statistics:
Min: 7
Max: 530
Mean: 108.92896174863388
Std: 97.28744304477756
