iteration: 5
System used: single
Number of floors: 20
Number of passengers: 148
traffic: low
Waiting Time Statistics:
Min: 3
Max: 216
Mean: 32.263513513513516
Std: 36.296466627098305

Total Service Time Statistics:
Min: 9
Max: 238
Mean: 45.8445945945946
Std: 40.41127222649369
