iteration: 99
System used: single
Number of floors: 40
Number of passengers: 204
traffic: low
Waiting Time Statistics:
Min: 3
Max: 613
Mean: 86.76470588235294
Std: 102.16288322468226

Total Service Time Statistics:
Min: 9
Max: 674
Mean: 112.2156862745098
Std: 109.24317588237085
