iteration: 68
System used: single
Number of floors: 20
Number of passengers: 142
traffic: low
Waiting Time Statistics:
Min: 3
Max: 280
Mean: 33.26056338028169
Std: 44.79847381795434

Total Service Time Statistics:
Min: 8
Max: 300
Mean: 47.690140845070424
Std: 48.555033205893416
