iteration: 73
System used: single
Number of floors: 20
Number of passengers: 147
traffic: low
Waiting Time Statistics:
Min: 3
Max: 176
Mean: 28.829931972789115
Std: 32.741070967174124

Total Service Time Statistics:
Min: 8
Max: 205
Mean: 42.136054421768705
Std: 36.211448930426045
