iteration: 12
System used: single
Number of floors: 40
Number of passengers: 196
traffic: low
Waiting Time Statistics:
Min: 3
Max: 603
Mean: 97.60714285714286
Std: 103.14577063554277

Total Service Time Statistics:
Min: 9
Max: 639
Mean: 125.1938775510204
Std: 110.98830228620794
