iteration: 72
System used: single
Number of floors: 40
Number of passengers: 180
traffic: low
Waiting Time Statistics:
Min: 3
Max: 622
Mean: 97.18333333333334
Std: 107.53107774761791

Total Service Time Statistics:
Min: 8
Max: 663
Mean: 122.83888888888889
Std: 114.08362922373698
