iteration: 25
System used: single
Number of floors: 20
Number of passengers: 132
traffic: low
Waiting Time Statistics:
Min: 3
Max: 156
Mean: 27.196969696969695
Std: 31.005401990285943

Total Service Time Statistics:
Min: 7
Max: 169
Mean: 41.166666666666664
Std: 35.336369834476216
