iteration: 25
System used: single
Number of floors: 40
Number of passengers: 184
traffic: low
Waiting Time Statistics:
Min: 3
Max: 509
Mean: 88.27717391304348
Std: 92.90646521852655

Total Service Time Statistics:
Min: 7
Max: 547
Mean: 113.26086956521739
Std: 98.49855005065433
