iteration: 43
System used: single
Number of floors: 40
Number of passengers: 195
traffic: low
Waiting Time Statistics:
Min: 3
Max: 700
Mean: 102.07179487179488
Std: 115.07982426536546

Total Service Time Statistics:
Min: 12
Max: 717
Mean: 128.31794871794872
Std: 121.02079328835059
