iteration: 70
System used: single
Number of floors: 40
Number of passengers: 202
traffic: low
Waiting Time Statistics:
Min: 3
Max: 676
Mean: 105.1980198019802
Std: 119.06681261672404

Total Service Time Statistics:
Min: 12
Max: 680
Mean: 130.06930693069307
Std: 122.60321126078861
