iteration: 89
System used: single
Number of floors: 5
Number of passengers: 54
traffic: low
Waiting Time Statistics:
Min: 3
Max: 44
Mean: 7.611111111111111
Std: 7.822118293096504

Total Service Time Statistics:
Min: 7
Max: 53
Mean: 13.444444444444445
Std: 9.408279506394368
