iteration: 13
System used: single
Number of floors: 5
Number of passengers: 59
traffic: low
Waiting Time Statistics:
Min: 3
Max: 48
Mean: 8.271186440677965
Std: 8.199727725661711

Total Service Time Statistics:
Min: 7
Max: 55
Mean: 13.830508474576272
Std: 8.845713051652101
