iteration: 44
System used: single
Number of floors: 40
Number of passengers: 192
traffic: low
Waiting Time Statistics:
Min: 3
Max: 547
Mean: 95.140625
Std: 109.63110927594091

Total Service Time Statistics:
Min: 11
Max: 571
Mean: 123.45833333333333
Std: 115.09817495440991
