iteration: 38
System used: single
Number of floors: 40
Number of passengers: 187
traffic: low
Waiting Time Statistics:
Min: 3
Max: 559
Mean: 89.54545454545455
Std: 97.9020347421192

Total Service Time Statistics:
Min: 11
Max: 591
Mean: 113.60427807486631
Std: 103.42522925338771
