iteration: 19
System used: single
Number of floors: 5
Number of passengers: 46
traffic: low
Waiting Time Statistics:
Min: 3
Max: 44
Mean: 7.304347826086956
Std: 7.624141671813559

Total Service Time Statistics:
Min: 7
Max: 49
Mean: 12.826086956521738
Std: 7.978594551328746
