iteration: 12
System used: single
Number of floors: 5
Number of passengers: 49
traffic: low
Waiting Time Statistics:
Min: 3
Max: 51
Mean: 8.142857142857142
Std: 8.981462390204987

Total Service Time Statistics:
Min: 7
Max: 58
Mean: 13.714285714285714
Std: 9.497806764371095
