iteration: 57
System used: single
Number of floors: 40
Number of passengers: 178
traffic: low
Waiting Time Statistics:
Min: 3
Max: 585
Mean: 91.52247191011236
Std: 103.78281347851463

Total Service Time Statistics:
Min: 13
Max: 641
Mean: 117.01123595505618
Std: 109.54399517403851
