iteration: 7
System used: single
Number of floors: 20
Number of passengers: 119
traffic: low
Waiting Time Statistics:
Min: 3
Max: 196
Mean: 28.840336134453782
Std: 36.3313338158016

Total Service Time Statistics:
Min: 8
Max: 213
Mean: 42.33613445378151
Std: 41.54725251699061
