iteration: 98
System used: single
Number of floors: 20
Number of passengers: 157
traffic: low
Waiting Time Statistics:
Min: 3
Max: 158
Mean: 33.0
Std: 34.898754661492966

Total Service Time Statistics:
Min: 9
Max: 211
Mean: 48.089171974522294
Std: 42.73972748017013
