iteration: 52
System used: single
Number of floors: 20
Number of passengers: 117
traffic: low
Waiting Time Statistics:
Min: 3
Max: 205
Mean: 32.78632478632478
Std: 37.20558658918481

Total Service Time Statistics:
Min: 8
Max: 214
Mean: 46.92307692307692
Std: 40.8422435649224
