iteration: 10
System used: single
Number of floors: 40
Number of passengers: 176
traffic: low
Waiting Time Statistics:
Min: 3
Max: 565
Mean: 93.08522727272727
Std: 105.71562181061603

Total Service Time Statistics:
Min: 11
Max: 598
Mean: 120.0284090909091
Std: 112.24434718071984
