iteration: 50
System used: single
Number of floors: 20
Number of passengers: 123
traffic: low
Waiting Time Statistics:
Min: 3
Max: 181
Mean: 33.09756097560975
Std: 37.57624263275722

Total Service Time Statistics:
Min: 12
Max: 207
Mean: 46.951219512195124
Std: 42.15658820194619
