iteration: 95
System used: single
Number of floors: 40
Number of passengers: 202
traffic: low
Waiting Time Statistics:
Min: 3
Max: 563
Mean: 89.65346534653466
Std: 99.59434494561205

Total Service Time Statistics:
Min: 14
Max: 602
Mean: 118.14851485148515
Std: 103.6959184599184
