iteration: 26
System used: single
Number of floors: 40
Number of passengers: 186
traffic: low
Waiting Time Statistics:
Min: 3
Max: 611
Mean: 89.33870967741936
Std: 102.34250025442053

Total Service Time Statistics:
Min: 8
Max: 620
Mean: 113.86559139784946
Std: 107.9950359165704
