iteration: 56
System used: single
Number of floors: 40
Number of passengers: 174
traffic: low
Waiting Time Statistics:
Min: 3
Max: 556
Mean: 92.6896551724138
Std: 101.16458407741668

Total Service Time Statistics:
Min: 15
Max: 585
Mean: 119.69540229885058
Std: 105.81428972201626
