iteration: 67
System used: single
Number of floors: 20
Number of passengers: 138
traffic: low
Waiting Time Statistics:
Min: 3
Max: 236
Mean: 36.02173913043478
Std: 41.16984003296842

Total Service Time Statistics:
Min: 9
Max: 272
Mean: 51.98550724637681
Std: 46.740623870609774
