iteration: 83
System used: single
Number of floors: 5
Number of passengers: 41
traffic: low
Waiting Time Statistics:
Min: 3
Max: 43
Mean: 9.560975609756097
Std: 10.116938223810118

Total Service Time Statistics:
Min: 7
Max: 52
Mean: 15.170731707317072
Std: 10.582774775606797
