iteration: 85
System used: single
Number of floors: 20
Number of passengers: 115
traffic: low
Waiting Time Statistics:
Min: 3
Max: 272
Mean: 37.07826086956522
Std: 54.03883396129364

Total Service Time Statistics:
Min: 7
Max: 280
Mean: 51.321739130434786
Std: 56.40090639841641
