iteration: 73
System used: single
Number of floors: 5
Number of passengers: 52
traffic: low
Waiting Time Statistics:
Min: 3
Max: 44
Mean: 8.096153846153847
Std: 7.491850776296779

Total Service Time Statistics:
Min: 7
Max: 48
Mean: 13.615384615384615
Std: 7.871900500910137
