iteration: 85
System used: single
Number of floors: 5
Number of passengers: 56
traffic: low
Waiting Time Statistics:
Min: 3
Max: 43
Mean: 8.071428571428571
Std: 8.355416627133982

Total Service Time Statistics:
Min: 7
Max: 51
Mean: 13.821428571428571
Std: 9.550073094165096
