iteration: 76
System used: single
Number of floors: 40
Number of passengers: 213
traffic: low
Waiting Time Statistics:
Min: 3
Max: 485
Mean: 74.40375586854461
Std: 78.54452159520335

Total Service Time Statistics:
Min: 10
Max: 498
Mean: 100.15023474178403
Std: 82.23474201793276
