iteration: 8
System used: single
Number of floors: 20
Number of passengers: 143
traffic: low
Waiting Time Statistics:
Min: 3
Max: 237
Mean: 33.90909090909091
Std: 38.983728835970346

Total Service Time Statistics:
Min: 8
Max: 256
Mean: 48.81118881118881
Std: 45.36129625432402
