iteration: 36
System used: single
Number of floors: 20
Number of passengers: 149
traffic: low
Waiting Time Statistics:
Min: 3
Max: 161
Mean: 28.87248322147651
Std: 29.039183358753355

Total Service Time Statistics:
Min: 9
Max: 199
Mean: 44.006711409395976
Std: 34.04617227449411
