iteration: 44
System used: single
Number of floors: 20
Number of passengers: 130
traffic: low
Waiting Time Statistics:
Min: 3
Max: 176
Mean: 30.323076923076922
Std: 34.89412899788686

Total Service Time Statistics:
Min: 7
Max: 202
Mean: 44.59230769230769
Std: 38.922243327447426
