iteration: 49
System used: single
Number of floors: 5
Number of passengers: 48
traffic: low
Waiting Time Statistics:
Min: 3
Max: 39
Mean: 8.020833333333334
Std: 7.656146420633841

Total Service Time Statistics:
Min: 7
Max: 46
Mean: 13.5625
Std: 7.957082353128444
