iteration: 40
System used: single
Number of floors: 40
Number of passengers: 184
traffic: low
Waiting Time Statistics:
Min: 3
Max: 608
Mean: 87.80978260869566
Std: 101.88958832868326

Total Service Time Statistics:
Min: 12
Max: 614
Mean: 113.67934782608695
Std: 106.88015047562651
