iteration: 17
System used: single
Number of floors: 5
Number of passengers: 62
traffic: low
Waiting Time Statistics:
Min: 3
Max: 46
Mean: 7.016129032258065
Std: 7.425017382512902

Total Service Time Statistics:
Min: 7
Max: 52
Mean: 12.290322580645162
Std: 7.545245157342456
