iteration: 78
System used: single
Number of floors: 20
Number of passengers: 129
traffic: low
Waiting Time Statistics:
Min: 3
Max: 248
Mean: 33.42635658914729
Std: 36.768867434326836

Total Service Time Statistics:
Min: 7
Max: 275
Mean: 48.08527131782946
Std: 40.1508933212715
