iteration: 71
System used: single
Number of floors: 5
Number of passengers: 52
traffic: low
Waiting Time Statistics:
Min: 3
Max: 37
Mean: 7.423076923076923
Std: 7.049811995396572

Total Service Time Statistics:
Min: 7
Max: 47
Mean: 13.25
Std: 8.290970756095534
