iteration: 55
System used: single
Number of floors: 20
Number of passengers: 137
traffic: low
Waiting Time Statistics:
Min: 3
Max: 192
Mean: 31.080291970802918
Std: 35.7007699690737

Total Service Time Statistics:
Min: 8
Max: 205
Mean: 46.42335766423358
Std: 41.33822519379135
