iteration: 92
System used: single
Number of floors: 20
Number of passengers: 135
traffic: low
Waiting Time Statistics:
Min: 3
Max: 188
Mean: 31.985185185185184
Std: 36.40013637525404

Total Service Time Statistics:
Min: 7
Max: 207
Mean: 46.17777777777778
Std: 40.37748498275169
