iteration: 7
System used: single
Number of floors: 5
Number of passengers: 53
traffic: low
Waiting Time Statistics:
Min: 3
Max: 48
Mean: 8.90566037735849
Std: 8.2444950186902

Total Service Time Statistics:
Min: 7
Max: 56
Mean: 14.754716981132075
Std: 9.122891032109534
