iteration: 34
System used: single
Number of floors: 40
Number of passengers: 188
traffic: low
Waiting Time Statistics:
Min: 3
Max: 512
Mean: 88.94148936170212
Std: 92.3362361991055

Total Service Time Statistics:
Min: 13
Max: 541
Mean: 113.57978723404256
Std: 96.06993339556496
