iteration: 1
System used: single
Number of floors: 5
Number of passengers: 42
traffic: low
Waiting Time Statistics:
Min: 3
Max: 41
Mean: 7.642857142857143
Std: 8.014685997444357

Total Service Time Statistics:
Min: 7
Max: 49
Mean: 13.5
Std: 9.155166474222721
