iteration: 65
System used: single
Number of floors: 40
Number of passengers: 176
traffic: low
Waiting Time Statistics:
Min: 3
Max: 610
Mean: 92.36363636363636
Std: 103.52288159139994

Total Service Time Statistics:
Min: 7
Max: 659
Mean: 117.3465909090909
Std: 112.15590826942761
