iteration: 20
System used: single
Number of floors: 5
Number of passengers: 58
traffic: low
Waiting Time Statistics:
Min: 3
Max: 39
Mean: 7.775862068965517
Std: 7.30307097973361

Total Service Time Statistics:
Min: 7
Max: 47
Mean: 12.931034482758621
Std: 7.822285009555706
