iteration: 23
System used: single
Number of floors: 20
Number of passengers: 134
traffic: low
Waiting Time Statistics:
Min: 3
Max: 166
Mean: 32.007462686567166
Std: 32.14639826377418

Total Service Time Statistics:
Min: 8
Max: 173
Mean: 45.88059701492537
Std: 35.839039657204374
