iteration: 45
System used: single
Number of floors: 20
Number of passengers: 144
traffic: low
Waiting Time Statistics:
Min: 3
Max: 205
Mean: 30.61111111111111
Std: 33.91105418531833

Total Service Time Statistics:
Min: 7
Max: 226
Mean: 43.8125
Std: 39.28859845465944
