iteration: 18
System used: single
Number of floors: 40
Number of passengers: 192
traffic: low
Waiting Time Statistics:
Min: 3
Max: 655
Mean: 102.72916666666667
Std: 124.99214460482901

Total Service Time Statistics:
Min: 11
Max: 692
Mean: 131.453125
Std: 131.08571150135606
