iteration: 8
System used: single
Number of floors: 5
Number of passengers: 54
traffic: low
Waiting Time Statistics:
Min: 3
Max: 37
Mean: 7.296296296296297
Std: 6.3115038115636315

Total Service Time Statistics:
Min: 7
Max: 47
Mean: 13.537037037037036
Std: 7.557859742373818
