iteration: 9
System used: single
Number of floors: 20
Number of passengers: 150
traffic: low
Waiting Time Statistics:
Min: 3
Max: 163
Mean: 31.793333333333333
Std: 33.138978583625594

Total Service Time Statistics:
Min: 9
Max: 198
Mean: 45.54
Std: 38.084968586238396
