iteration: 10
System used: single
Number of floors: 20
Number of passengers: 142
traffic: low
Waiting Time Statistics:
Min: 3
Max: 213
Mean: 34.28169014084507
Std: 40.80647393311092

Total Service Time Statistics:
Min: 8
Max: 254
Mean: 48.53521126760563
Std: 46.29241960705464
