iteration: 5
System used: single
Number of floors: 40
Number of passengers: 186
traffic: low
Waiting Time Statistics:
Min: 3
Max: 602
Mean: 88.82795698924731
Std: 104.03327156520794

Total Service Time Statistics:
Min: 14
Max: 646
Mean: 115.49462365591398
Std: 110.71396051094804
