iteration: 88
System used: single
Number of floors: 40
Number of passengers: 190
traffic: low
Waiting Time Statistics:
Min: 3
Max: 584
Mean: 96.78947368421052
Std: 109.18707743148182

Total Service Time Statistics:
Min: 10
Max: 602
Mean: 124.02631578947368
Std: 115.69625595687802
