iteration: 97
System used: single
Number of floors: 20
Number of passengers: 128
traffic: low
Waiting Time Statistics:
Min: 3
Max: 251
Mean: 33.5390625
Std: 46.68775528553886

Total Service Time Statistics:
Min: 9
Max: 265
Mean: 47.875
Std: 51.81387039542916
