iteration: 56
System used: single
Number of floors: 20
Number of passengers: 130
traffic: low
Waiting Time Statistics:
Min: 3
Max: 246
Mean: 35.80769230769231
Std: 43.30907421501822

Total Service Time Statistics:
Min: 8
Max: 267
Mean: 49.646153846153844
Std: 46.612182181572294
