iteration: 99
System used: single
Number of floors: 20
Number of passengers: 132
traffic: low
Waiting Time Statistics:
Min: 3
Max: 194
Mean: 31.34090909090909
Std: 38.020249635863145

Total Service Time Statistics:
Min: 7
Max: 229
Mean: 43.71969696969697
Std: 41.88977072640199
