iteration: 3
System used: single
Number of floors: 20
Number of passengers: 121
traffic: low
Waiting Time Statistics:
Min: 3
Max: 182
Mean: 32.578512396694215
Std: 33.696624970985766

Total Service Time Statistics:
Min: 8
Max: 186
Mean: 47.33884297520661
Std: 39.298548259659725
