iteration: 38
System used: single
Number of floors: 20
Number of passengers: 132
traffic: low
Waiting Time Statistics:
Min: 3
Max: 196
Mean: 28.53030303030303
Std: 34.325883095546885

Total Service Time Statistics:
Min: 7
Max: 219
Mean: 43.25757575757576
Std: 37.52894480124615
