iteration: 54
System used: single
Number of floors: 40
Number of passengers: 185
traffic: low
Waiting Time Statistics:
Min: 3
Max: 711
Mean: 104.91891891891892
Std: 130.76974835863774

Total Service Time Statistics:
Min: 8
Max: 721
Mean: 132.2216216216216
Std: 137.4088613668662
