iteration: 52
System used: single
Number of floors: 40
Number of passengers: 195
traffic: low
Waiting Time Statistics:
Min: 3
Max: 573
Mean: 93.24615384615385
Std: 109.30766624569065

Total Service Time Statistics:
Min: 8
Max: 599
Mean: 119.28717948717949
Std: 114.78698150681983
