iteration: 21
System used: single
Number of floors: 40
Number of passengers: 188
traffic: low
Waiting Time Statistics:
Min: 3
Max: 596
Mean: 90.79255319148936
Std: 98.32497981427933

Total Service Time Statistics:
Min: 10
Max: 645
Mean: 118.23404255319149
Std: 107.72587765834265
