iteration: 11
System used: single
Number of floors: 5
Number of passengers: 45
traffic: low
Waiting Time Statistics:
Min: 3
Max: 39
Mean: 6.444444444444445
Std: 6.5246231362973806

Total Service Time Statistics:
Min: 7
Max: 43
Mean: 13.311111111111112
Std: 7.680619714054276
