iteration: 80
System used: single
Number of floors: 40
Number of passengers: 194
traffic: low
Waiting Time Statistics:
Min: 3
Max: 642
Mean: 98.58762886597938
Std: 107.27155532532079

Total Service Time Statistics:
Min: 13
Max: 695
Mean: 125.4639175257732
Std: 113.5789937025338
