iteration: 32
System used: single
Number of floors: 5
Number of passengers: 54
traffic: low
Waiting Time Statistics:
Min: 3
Max: 40
Mean: 7.296296296296297
Std: 6.989559949518321

Total Service Time Statistics:
Min: 7
Max: 47
Mean: 13.462962962962964
Std: 8.022875226766446
