iteration: 87
System used: single
Number of floors: 5
Number of passengers: 51
traffic: low
Waiting Time Statistics:
Min: 3
Max: 48
Mean: 8.352941176470589
Std: 7.868477691171946

Total Service Time Statistics:
Min: 7
Max: 58
Mean: 13.92156862745098
Std: 8.917046904115516
