iteration: 88
System used: single
Number of floors: 5
Number of passengers: 45
traffic: low
Waiting Time Statistics:
Min: 3
Max: 41
Mean: 9.666666666666666
Std: 8.301149975099289

Total Service Time Statistics:
Min: 7
Max: 49
Mean: 16.355555555555554
Std: 9.941089101564904
