iteration: 33
System used: single
Number of floors: 40
Number of passengers: 181
traffic: low
Waiting Time Statistics:
Min: 3
Max: 598
Mean: 90.34806629834254
Std: 103.70538054784505

Total Service Time Statistics:
Min: 9
Max: 633
Mean: 118.30386740331491
Std: 109.66089871591569
