iteration: 0
System used: single
Number of floors: 20
Number of passengers: 135
traffic: low
Waiting Time Statistics:
Min: 3
Max: 282
Mean: 35.422222222222224
Std: 44.69923814280579

Total Service Time Statistics:
Min: 9
Max: 303
Mean: 48.87407407407407
Std: 48.58051166748935
