iteration: 18
System used: single
Number of floors: 20
Number of passengers: 128
traffic: low
Waiting Time Statistics:
Min: 3
Max: 176
Mean: 30.0
Std: 36.04000402003001

Total Service Time Statistics:
Min: 9
Max: 198
Mean: 43.3046875
Std: 38.77200845031959
