iteration: 97
System used: single
Number of floors: 5
Number of passengers: 57
traffic: low
Waiting Time Statistics:
Min: 3
Max: 44
Mean: 8.421052631578947
Std: 8.088676760096382

Total Service Time Statistics:
Min: 7
Max: 53
Mean: 14.210526315789474
Std: 8.647329980373923
