iteration: 22
System used: single
Number of floors: 40
Number of passengers: 202
traffic: low
Waiting Time Statistics:
Min: 3
Max: 608
Mean: 90.26237623762377
Std: 91.8308821460321

Total Service Time Statistics:
Min: 11
Max: 654
Mean: 116.5990099009901
Std: 96.59940668632058
