iteration: 15
System used: single
Number of floors: 5
Number of passengers: 59
traffic: low
Waiting Time Statistics:
Min: 3
Max: 50
Mean: 6.762711864406779
Std: 7.419310738157526

Total Service Time Statistics:
Min: 7
Max: 55
Mean: 12.474576271186441
Std: 8.069431318260097
