iteration: 89
System used: single
Number of floors: 20
Number of passengers: 134
traffic: low
Waiting Time Statistics:
Min: 3
Max: 211
Mean: 31.559701492537314
Std: 32.87330685631766

Total Service Time Statistics:
Min: 9
Max: 234
Mean: 45.701492537313435
Std: 37.63078044438259
