iteration: 79
System used: single
Number of floors: 40
Number of passengers: 190
traffic: low
Waiting Time Statistics:
Min: 3
Max: 444
Mean: 88.21052631578948
Std: 88.39268981922736

Total Service Time Statistics:
Min: 9
Max: 460
Mean: 113.95263157894736
Std: 94.3765556284897
