iteration: 2
System used: single
Number of floors: 20
Number of passengers: 139
traffic: low
Waiting Time Statistics:
Min: 3
Max: 183
Mean: 34.81294964028777
Std: 39.859275709389856

Total Service Time Statistics:
Min: 7
Max: 237
Mean: 50.71223021582734
Std: 48.486849345805595
