iteration: 32
System used: single
Number of floors: 20
Number of passengers: 126
traffic: low
Waiting Time Statistics:
Min: 3
Max: 220
Mean: 30.1984126984127
Std: 38.991285147585444

Total Service Time Statistics:
Min: 9
Max: 235
Mean: 44.642857142857146
Std: 43.52883444995316
