iteration: 67
System used: single
Number of floors: 5
Number of passengers: 48
traffic: low
Waiting Time Statistics:
Min: 3
Max: 41
Mean: 7.541666666666667
Std: 8.076649645957541

Total Service Time Statistics:
Min: 7
Max: 50
Mean: 13.229166666666666
Std: 8.80096605754728
