iteration: 41
System used: single
Number of floors: 40
Number of passengers: 201
traffic: low
Waiting Time Statistics:
Min: 3
Max: 650
Mean: 100.92039800995025
Std: 111.99465894336566

Total Service Time Statistics:
Min: 7
Max: 702
Mean: 128.60696517412936
Std: 116.73405566176386
