iteration: 15
System used: single
Number of floors: 20
Number of passengers: 145
traffic: low
Waiting Time Statistics:
Min: 3
Max: 172
Mean: 29.717241379310344
Std: 34.11982631686041

Total Service Time Statistics:
Min: 8
Max: 207
Mean: 41.793103448275865
Std: 37.70000304887332
