iteration: 0
System used: single
Number of floors: 40
Number of passengers: 191
traffic: low
Waiting Time Statistics:
Min: 3
Max: 677
Mean: 103.93193717277487
Std: 118.36544915470913

Total Service Time Statistics:
Min: 7
Max: 714
Mean: 130.02094240837695
Std: 125.11724851073357
