iteration: 61
System used: single
Number of floors: 20
Number of passengers: 126
traffic: low
Waiting Time Statistics:
Min: 3
Max: 206
Mean: 33.53174603174603
Std: 37.82902303955237

Total Service Time Statistics:
Min: 7
Max: 231
Mean: 47.301587301587304
Std: 42.541512872255936
