iteration: 53
System used: single
Number of floors: 20
Number of passengers: 127
traffic: low
Waiting Time Statistics:
Min: 3
Max: 161
Mean: 32.118110236220474
Std: 36.77249104952983

Total Service Time Statistics:
Min: 10
Max: 193
Mean: 45.188976377952756
Std: 41.491389866704466
