iteration: 90
System used: single
Number of floors: 5
Number of passengers: 41
traffic: low
Waiting Time Statistics:
Min: 3
Max: 34
Mean: 7.195121951219512
Std: 7.075378124860615

Total Service Time Statistics:
Min: 7
Max: 47
Mean: 13.512195121951219
Std: 10.00030487340139
