iteration: 81
System used: single
Number of floors: 20
Number of passengers: 141
traffic: low
Waiting Time Statistics:
Min: 3
Max: 187
Mean: 30.5531914893617
Std: 33.30946359132253

Total Service Time Statistics:
Min: 8
Max: 207
Mean: 43.49645390070922
Std: 36.219494378713314
