iteration: 55
System used: single
Number of floors: 40
Number of passengers: 195
traffic: low
Waiting Time Statistics:
Min: 3
Max: 704
Mean: 96.50256410256411
Std: 104.5725405185553

Total Service Time Statistics:
Min: 8
Max: 716
Mean: 123.70769230769231
Std: 109.58897760581739
