iteration: 49
System used: single
Number of floors: 40
Number of passengers: 178
traffic: low
Waiting Time Statistics:
Min: 3
Max: 547
Mean: 91.11235955056179
Std: 105.08957042675625

Total Service Time Statistics:
Min: 12
Max: 607
Mean: 116.86516853932584
Std: 112.46123661229639
