iteration: 45
System used: single
Number of floors: 5
Number of passengers: 59
traffic: low
Waiting Time Statistics:
Min: 3
Max: 47
Mean: 8.694915254237289
Std: 8.814670837612312

Total Service Time Statistics:
Min: 7
Max: 57
Mean: 15.016949152542374
Std: 9.57815676858428
