iteration: 55
System used: single
Number of floors: 5
Number of passengers: 43
traffic: low
Waiting Time Statistics:
Min: 3
Max: 44
Mean: 9.418604651162791
Std: 10.533919268225937

Total Service Time Statistics:
Min: 8
Max: 65
Mean: 15.790697674418604
Std: 13.841893174147758
