iteration: 46
System used: single
Number of floors: 20
Number of passengers: 127
traffic: low
Waiting Time Statistics:
Min: 3
Max: 163
Mean: 33.77952755905512
Std: 35.806116659744305

Total Service Time Statistics:
Min: 7
Max: 192
Mean: 48.669291338582674
Std: 40.99865563380741
