iteration: 91
System used: single
Number of floors: 5
Number of passengers: 54
traffic: low
Waiting Time Statistics:
Min: 3
Max: 42
Mean: 7.592592592592593
Std: 7.130901444824009

Total Service Time Statistics:
Min: 7
Max: 46
Mean: 13.555555555555555
Std: 7.947152490320197
