iteration: 41
System used: single
Number of floors: 5
Number of passengers: 39
traffic: low
Waiting Time Statistics:
Min: 3
Max: 39
Mean: 7.102564102564102
Std: 8.068114211919175

Total Service Time Statistics:
Min: 7
Max: 47
Mean: 12.948717948717949
Std: 9.02612791595575
