iteration: 80
System used: single
Number of floors: 5
Number of passengers: 46
traffic: low
Waiting Time Statistics:
Min: 3
Max: 43
Mean: 7.826086956521739
Std: 8.45722399379131

Total Service Time Statistics:
Min: 7
Max: 52
Mean: 13.673913043478262
Std: 9.642623773471357
