iteration: 24
System used: single
Number of floors: 5
Number of passengers: 58
traffic: low
Waiting Time Statistics:
Min: 3
Max: 56
Mean: 8.310344827586206
Std: 9.39990088889841

Total Service Time Statistics:
Min: 7
Max: 61
Mean: 13.862068965517242
Std: 9.946256063432655
