iteration: 64
System used: single
Number of floors: 5
Number of passengers: 56
traffic: low
Waiting Time Statistics:
Min: 3
Max: 38
Mean: 7.125
Std: 6.725967318061869

Total Service Time Statistics:
Min: 7
Max: 47
Mean: 12.982142857142858
Std: 7.721260074810144
