iteration: 6
System used: single
Number of floors: 5
Number of passengers: 47
traffic: low
Waiting Time Statistics:
Min: 3
Max: 41
Mean: 7.638297872340425
Std: 7.668188187783098

Total Service Time Statistics:
Min: 7
Max: 49
Mean: 13.106382978723405
Std: 8.660841515879518
