iteration: 13
System used: single
Number of floors: 40
Number of passengers: 210
traffic: low
Waiting Time Statistics:
Min: 3
Max: 721
Mean: 102.94761904761904
Std: 118.25563146123051

Total Service Time Statistics:
Min: 14
Max: 775
Mean: 131.73809523809524
Std: 123.70934826450734
