iteration: 16
System used: single
Number of floors: 20
Number of passengers: 155
traffic: low
Waiting Time Statistics:
Min: 3
Max: 312
Mean: 38.729032258064514
Std: 52.77621336463372

Total Service Time Statistics:
Min: 8
Max: 342
Mean: 53.12258064516129
Std: 56.76967997730476
