iteration: 98
System used: single
Number of floors: 40
Number of passengers: 187
traffic: low
Waiting Time Statistics:
Min: 3
Max: 671
Mean: 104.93048128342247
Std: 118.40690041503558

Total Service Time Statistics:
Min: 10
Max: 683
Mean: 131.75401069518716
Std: 123.8378380450713
