iteration: 95
System used: single
Number of floors: 20
Number of passengers: 121
traffic: low
Waiting Time Statistics:
Min: 3
Max: 215
Mean: 31.785123966942148
Std: 39.62894704034124

Total Service Time Statistics:
Min: 10
Max: 234
Mean: 45.743801652892564
Std: 44.1007424211165
