iteration: 16
System used: single
Number of floors: 5
Number of passengers: 41
traffic: low
Waiting Time Statistics:
Min: 3
Max: 44
Mean: 8.878048780487806
Std: 9.050400880489272

Total Service Time Statistics:
Min: 8
Max: 50
Mean: 15.170731707317072
Std: 9.774718510075854
