iteration: 20
System used: single
Number of floors: 20
Number of passengers: 142
traffic: low
Waiting Time Statistics:
Min: 3
Max: 223
Mean: 31.507042253521128
Std: 35.72665065572501

Total Service Time Statistics:
Min: 11
Max: 227
Mean: 45.605633802816904
Std: 39.73653619102568
