iteration: 60
System used: single
Number of floors: 20
Number of passengers: 119
traffic: low
Waiting Time Statistics:
Min: 3
Max: 243
Mean: 34.95798319327731
Std: 44.35362423002993

Total Service Time Statistics:
Min: 8
Max: 252
Mean: 49.69747899159664
Std: 48.89552241498933
