iteration: 93
System used: single
Number of floors: 20
Number of passengers: 134
traffic: low
Waiting Time Statistics:
Min: 3
Max: 186
Mean: 33.35820895522388
Std: 36.63073260534287

Total Service Time Statistics:
Min: 9
Max: 207
Mean: 47.02238805970149
Std: 39.74476206429629
