iteration: 77
System used: single
Number of floors: 5
Number of passengers: 46
traffic: low
Waiting Time Statistics:
Min: 3
Max: 43
Mean: 8.673913043478262
Std: 8.897076543140042

Total Service Time Statistics:
Min: 7
Max: 55
Mean: 14.717391304347826
Std: 11.086855166724362
