iteration: 3
System used: N_lift
Number of floors: 20
Number of passengers: 123
traffic: low
Waiting Time Statistics:
Min: 0
Max: 159
Mean: 34.577235772357724
Std: 36.246878470480624

Total Service Time Statistics:
Min: 7
Max: 271
Mean: 75.7560975609756
Std: 51.42674902999102
