iteration: 1
System used: N_lift
Number of floors: 5
Number of passengers: 54
traffic: low
Waiting Time Statistics:
Min: 0
Max: 86
Mean: 15.88888888888889
Std: 15.482999400641065

Total Service Time Statistics:
Min: 10
Max: 99
Mean: 38.907407407407405
Std: 18.38710429818673
