iteration: 39
System used: N_lift
Number of floors: 20
Number of passengers: 135
traffic: low
Waiting Time Statistics:
Min: 0
Max: 208
Mean: 32.074074074074076
Std: 36.31344260566697

Total Service Time Statistics:
Min: 13
Max: 221
Mean: 77.23703703703704
Std: 46.491727302534635
