iteration: 56
System used: N_lift
Number of floors: 20
Number of passengers: 157
traffic: low
Waiting Time Statistics:
Min: 0
Max: 148
Mean: 33.18471337579618
Std: 34.80731238677294

Total Service Time Statistics:
Min: 7
Max: 214
Mean: 70.78343949044586
Std: 47.83174550272717
