iteration: 90
System used: N_lift
Number of floors: 20
Number of passengers: 161
traffic: low
Waiting Time Statistics:
Min: 0
Max: 266
Mean: 32.24844720496895
Std: 36.74031012660015

Total Service Time Statistics:
Min: 6
Max: 285
Mean: 71.59006211180125
Std: 47.78303465269989
