iteration: 59
System used: N_lift
Number of floors: 5
Number of passengers: 45
traffic: low
Waiting Time Statistics:
Min: 0
Max: 57
Mean: 11.422222222222222
Std: 12.123397530262201

Total Service Time Statistics:
Min: 10
Max: 95
Mean: 38.46666666666667
Std: 17.747727127207533
