iteration: 19
System used: N_lift
Number of floors: 5
Number of passengers: 53
traffic: low
Waiting Time Statistics:
Min: 0
Max: 64
Mean: 13.245283018867925
Std: 11.602230654850814

Total Service Time Statistics:
Min: 4
Max: 89
Mean: 34.64150943396226
Std: 17.583968156799315
