iteration: 13
System used: N_lift
Number of floors: 20
Number of passengers: 145
traffic: low
Waiting Time Statistics:
Min: 0
Max: 171
Mean: 30.813793103448276
Std: 35.196272333968786

Total Service Time Statistics:
Min: 6
Max: 233
Mean: 69.88275862068966
Std: 42.569143664597775
