iteration: 74
System used: N_lift
Number of floors: 5
Number of passengers: 54
traffic: low
Waiting Time Statistics:
Min: 0
Max: 41
Mean: 12.75925925925926
Std: 10.538223661107049

Total Service Time Statistics:
Min: 14
Max: 91
Mean: 39.2037037037037
Std: 17.990961703168946
