iteration: 14
System used: N_lift
Number of floors: 40
Number of passengers: 179
traffic: low
Waiting Time Statistics:
Min: 0
Max: 334
Mean: 69.24022346368714
Std: 78.29247493476278

Total Service Time Statistics:
Min: 7
Max: 437
Mean: 120.75418994413408
Std: 95.69788558468494
