iteration: 51
System used: N_lift
Number of floors: 40
Number of passengers: 194
traffic: low
Waiting Time Statistics:
Min: 0
Max: 307
Mean: 50.7319587628866
Std: 62.942776127286365

Total Service Time Statistics:
Min: 7
Max: 334
Mean: 93.52061855670104
Std: 73.24104633338595
