iteration: 2
System used: N_lift
Number of floors: 40
Number of passengers: 178
traffic: low
Waiting Time Statistics:
Min: 0
Max: 321
Mean: 54.20786516853933
Std: 63.019470983977335

Total Service Time Statistics:
Min: 10
Max: 386
Mean: 112.15730337078652
Std: 81.1543690322714
