iteration: 78
System used: N_lift
Number of floors: 40
Number of passengers: 194
traffic: low
Waiting Time Statistics:
Min: 0
Max: 299
Mean: 53.74226804123711
Std: 64.17524232499494

Total Service Time Statistics:
Min: 12
Max: 447
Mean: 109.52061855670104
Std: 83.40376905058538
