iteration: 50
System used: N_lift
Number of floors: 20
Number of passengers: 130
traffic: low
Waiting Time Statistics:
Min: 0
Max: 147
Mean: 32.04615384615385
Std: 34.18891010605213

Total Service Time Statistics:
Min: 9
Max: 214
Mean: 72.71538461538462
Std: 47.1793928565856
