iteration: 47
System used: N_lift
Number of floors: 40
Number of passengers: 194
traffic: low
Waiting Time Statistics:
Min: 0
Max: 337
Mean: 53.103092783505154
Std: 66.49320889958138

Total Service Time Statistics:
Min: 8
Max: 403
Mean: 112.81443298969072
Std: 89.71513119147038
