iteration: 54
System used: N_lift
Number of floors: 40
Number of passengers: 174
traffic: low
Waiting Time Statistics:
Min: 0
Max: 304
Mean: 49.8448275862069
Std: 60.09639705015109

Total Service Time Statistics:
Min: 11
Max: 391
Mean: 110.79885057471265
Std: 78.67985764267233
