iteration: 42
System used: N_lift
Number of floors: 5
Number of passengers: 48
traffic: low
Waiting Time Statistics:
Min: 0
Max: 57
Mean: 13.229166666666666
Std: 11.091955266372366

Total Service Time Statistics:
Min: 14
Max: 97
Mean: 37.9375
Std: 18.138247176568576
