iteration: 4
System used: N_lift
Number of floors: 20
Number of passengers: 119
traffic: low
Waiting Time Statistics:
Min: 0
Max: 146
Mean: 31.69747899159664
Std: 32.0451362347318

Total Service Time Statistics:
Min: 7
Max: 185
Mean: 74.52100840336135
Std: 41.36789239263228
