iteration: 6
System used: N_lift
Number of floors: 5
Number of passengers: 54
traffic: low
Waiting Time Statistics:
Min: 0
Max: 50
Mean: 11.25925925925926
Std: 10.5904641785156

Total Service Time Statistics:
Min: 13
Max: 89
Mean: 39.370370370370374
Std: 17.49101796049046
