iteration: 99
System used: N_lift
Number of floors: 40
Number of passengers: 180
traffic: low
Waiting Time Statistics:
Min: 0
Max: 336
Mean: 57.88333333333333
Std: 75.26484151790319

Total Service Time Statistics:
Min: 8
Max: 397
Mean: 109.89444444444445
Std: 84.37065716345006
