iteration: 53
System used: N_lift
Number of floors: 40
Number of passengers: 174
traffic: low
Waiting Time Statistics:
Min: 0
Max: 312
Mean: 61.166666666666664
Std: 73.85183443178829

Total Service Time Statistics:
Min: 8
Max: 397
Mean: 117.42528735632185
Std: 92.96181479528332
