iteration: 21
System used: N_lift
Number of floors: 40
Number of passengers: 166
traffic: low
Waiting Time Statistics:
Min: 0
Max: 337
Mean: 65.09638554216868
Std: 76.62844071394417

Total Service Time Statistics:
Min: 12
Max: 427
Mean: 118.57831325301204
Std: 89.0681210843772
