iteration: 74
System used: N_lift
Number of floors: 20
Number of passengers: 130
traffic: low
Waiting Time Statistics:
Min: 0
Max: 216
Mean: 29.79230769230769
Std: 34.452685487040526

Total Service Time Statistics:
Min: 9
Max: 256
Mean: 73.22307692307692
Std: 45.55331919502639
