iteration: 33
System used: N_lift
Number of floors: 20
Number of passengers: 133
traffic: low
Waiting Time Statistics:
Min: 0
Max: 264
Mean: 31.67669172932331
Std: 37.166201017367115

Total Service Time Statistics:
Min: 5
Max: 293
Mean: 73.01503759398496
Std: 47.660571494559
