iteration: 58
System used: N_lift
Number of floors: 5
Number of passengers: 52
traffic: low
Waiting Time Statistics:
Min: 0
Max: 48
Mean: 14.192307692307692
Std: 12.46176656588803

Total Service Time Statistics:
Min: 13
Max: 91
Mean: 39.46153846153846
Std: 16.619692475460663
