iteration: 14
System used: N_lift
Number of floors: 5
Number of passengers: 51
traffic: low
Waiting Time Statistics:
Min: 0
Max: 41
Mean: 11.490196078431373
Std: 9.323888778872488

Total Service Time Statistics:
Min: 7
Max: 74
Mean: 32.90196078431372
Std: 12.586111237329478
