iteration: 48
System used: N_lift
Number of floors: 40
Number of passengers: 205
traffic: low
Waiting Time Statistics:
Min: 0
Max: 416
Mean: 54.97073170731707
Std: 71.23834009823766

Total Service Time Statistics:
Min: 7
Max: 488
Mean: 112.00975609756098
Std: 88.85270860204889
