iteration: 71
System used: N_lift
Number of floors: 20
Number of passengers: 146
traffic: low
Waiting Time Statistics:
Min: 0
Max: 197
Mean: 31.006849315068493
Std: 32.71918061855387

Total Service Time Statistics:
Min: 13
Max: 280
Mean: 73.76712328767124
Std: 47.17261641305961
