iteration: 75
System used: N_lift
Number of floors: 20
Number of passengers: 122
traffic: low
Waiting Time Statistics:
Min: 0
Max: 145
Mean: 28.983606557377048
Std: 31.171342954643286

Total Service Time Statistics:
Min: 5
Max: 221
Mean: 66.98360655737704
Std: 41.20960002223613
