iteration: 95
System used: N_lift
Number of floors: 20
Number of passengers: 129
traffic: low
Waiting Time Statistics:
Min: 0
Max: 223
Mean: 34.83720930232558
Std: 42.47532200762182

Total Service Time Statistics:
Min: 7
Max: 333
Mean: 72.27906976744185
Std: 53.64859282057552
