iteration: 76
System used: N_lift
Number of floors: 20
Number of passengers: 138
traffic: low
Waiting Time Statistics:
Min: 0
Max: 194
Mean: 27.507246376811594
Std: 28.978785690560592

Total Service Time Statistics:
Min: 9
Max: 213
Mean: 75.8840579710145
Std: 45.00625625022424
