iteration: 30
System used: N_lift
Number of floors: 20
Number of passengers: 128
traffic: low
Waiting Time Statistics:
Min: 0
Max: 237
Mean: 31.3984375
Std: 35.864868833400294

Total Service Time Statistics:
Min: 8
Max: 271
Mean: 69.3984375
Std: 45.09907550840259
