iteration: 98
System used: N_lift
Number of floors: 40
Number of passengers: 213
traffic: low
Waiting Time Statistics:
Min: 0
Max: 322
Mean: 57.04225352112676
Std: 68.92943546949279

Total Service Time Statistics:
Min: 10
Max: 389
Mean: 104.47887323943662
Std: 83.06189880255981
