iteration: 93
System used: N_lift
Number of floors: 5
Number of passengers: 43
traffic: low
Waiting Time Statistics:
Min: 0
Max: 49
Mean: 13.55813953488372
Std: 11.32065605868821

Total Service Time Statistics:
Min: 13
Max: 75
Mean: 36.83720930232558
Std: 15.823325507674301
