iteration: 75
System used: N_lift
Number of floors: 5
Number of passengers: 59
traffic: low
Waiting Time Statistics:
Min: 0
Max: 49
Mean: 13.457627118644067
Std: 11.31419924772332

Total Service Time Statistics:
Min: 12
Max: 82
Mean: 34.983050847457626
Std: 16.39753085431034
