iteration: 8
System used: N_lift
Number of floors: 40
Number of passengers: 201
traffic: low
Waiting Time Statistics:
Min: 0
Max: 429
Mean: 62.80597014925373
Std: 77.87770646455316

Total Service Time Statistics:
Min: 5
Max: 480
Mean: 110.01492537313433
Std: 93.40495049042852
