iteration: 42
System used: N_lift
Number of floors: 40
Number of passengers: 187
traffic: low
Waiting Time Statistics:
Min: 0
Max: 332
Mean: 57.86631016042781
Std: 72.48239154925133

Total Service Time Statistics:
Min: 8
Max: 436
Mean: 116.99465240641712
Std: 94.23075641806375
