iteration: 73
System used: N_lift
Number of floors: 5
Number of passengers: 52
traffic: low
Waiting Time Statistics:
Min: 0
Max: 39
Mean: 12.423076923076923
Std: 9.95745095707703

Total Service Time Statistics:
Min: 10
Max: 75
Mean: 36.84615384615385
Std: 15.463283033429404
