iteration: 47
System used: N_lift
Number of floors: 20
Number of passengers: 146
traffic: low
Waiting Time Statistics:
Min: 0
Max: 187
Mean: 33.85616438356164
Std: 35.078628865986474

Total Service Time Statistics:
Min: 9
Max: 232
Mean: 73.81506849315069
Std: 48.03762942048769
