iteration: 53
System used: N_lift
Number of floors: 5
Number of passengers: 45
traffic: low
Waiting Time Statistics:
Min: 0
Max: 42
Mean: 11.4
Std: 10.766952806029789

Total Service Time Statistics:
Min: 7
Max: 76
Mean: 36.86666666666667
Std: 15.731554855824587
