iteration: 18
System used: N_lift
Number of floors: 40
Number of passengers: 192
traffic: low
Waiting Time Statistics:
Min: 0
Max: 316
Mean: 63.177083333333336
Std: 71.55439402676485

Total Service Time Statistics:
Min: 9
Max: 389
Mean: 116.359375
Std: 87.39188393448102
