iteration: 59
System used: N_lift
Number of floors: 40
Number of passengers: 199
traffic: low
Waiting Time Statistics:
Min: 0
Max: 483
Mean: 50.959798994974875
Std: 64.99618008946386

Total Service Time Statistics:
Min: 6
Max: 541
Mean: 102.53266331658291
Std: 80.66414777210638
