iteration: 65
System used: N_lift
Number of floors: 5
Number of passengers: 41
traffic: low
Waiting Time Statistics:
Min: 0
Max: 42
Mean: 13.21951219512195
Std: 10.532122756410388

Total Service Time Statistics:
Min: 8
Max: 73
Mean: 35.292682926829265
Std: 13.658777219134633
