iteration: 30
System used: N_lift
Number of floors: 40
Number of passengers: 176
traffic: low
Waiting Time Statistics:
Min: 0
Max: 317
Mean: 61.71590909090909
Std: 75.55114806557194

Total Service Time Statistics:
Min: 5
Max: 412
Mean: 121.25568181818181
Std: 94.10837200705461
