iteration: 21
System used: N_lift
Number of floors: 20
Number of passengers: 122
traffic: low
Waiting Time Statistics:
Min: 0
Max: 277
Mean: 31.25409836065574
Std: 39.211981950918656

Total Service Time Statistics:
Min: 9
Max: 375
Mean: 76.95081967213115
Std: 51.75703768315771
