iteration: 28
System used: N_lift
Number of floors: 20
Number of passengers: 142
traffic: low
Waiting Time Statistics:
Min: 0
Max: 183
Mean: 32.225352112676056
Std: 33.23447632416982

Total Service Time Statistics:
Min: 8
Max: 244
Mean: 80.19014084507042
Std: 49.49703524305635
