iteration: 58
System used: N_lift
Number of floors: 40
Number of passengers: 170
traffic: low
Waiting Time Statistics:
Min: 0
Max: 402
Mean: 56.60588235294118
Std: 67.94161233799701

Total Service Time Statistics:
Min: 10
Max: 430
Mean: 114.65882352941176
Std: 82.22390457655746
