iteration: 40
System used: N_lift
Number of floors: 40
Number of passengers: 185
traffic: low
Waiting Time Statistics:
Min: 0
Max: 349
Mean: 60.70810810810811
Std: 73.0435485737729

Total Service Time Statistics:
Min: 7
Max: 374
Mean: 117.72972972972973
Std: 85.47484013510764
