iteration: 71
System used: N_lift
Number of floors: 5
Number of passengers: 49
traffic: low
Waiting Time Statistics:
Min: 0
Max: 61
Mean: 12.795918367346939
Std: 11.022665270244941

Total Service Time Statistics:
Min: 14
Max: 84
Mean: 35.97959183673469
Std: 14.24852301690478
