iteration: 60
System used: N_lift
Number of floors: 20
Number of passengers: 157
traffic: low
Waiting Time Statistics:
Min: 0
Max: 141
Mean: 29.64968152866242
Std: 31.888601420240295

Total Service Time Statistics:
Min: 6
Max: 211
Mean: 66.14012738853503
Std: 44.099168344784204
