iteration: 81
System used: N_lift
Number of floors: 40
Number of passengers: 188
traffic: low
Waiting Time Statistics:
Min: 0
Max: 391
Mean: 65.72340425531915
Std: 80.660098114999

Total Service Time Statistics:
Min: 6
Max: 460
Mean: 124.40957446808511
Std: 95.13158527778779
