iteration: 31
System used: N_lift
Number of floors: 5
Number of passengers: 41
traffic: low
Waiting Time Statistics:
Min: 0
Max: 50
Mean: 15.804878048780488
Std: 13.873030512824373

Total Service Time Statistics:
Min: 10
Max: 93
Mean: 41.292682926829265
Std: 21.66476852223331
