iteration: 20
System used: N_lift
Number of floors: 5
Number of passengers: 52
traffic: low
Waiting Time Statistics:
Min: 0
Max: 46
Mean: 12.01923076923077
Std: 9.670027241309207

Total Service Time Statistics:
Min: 7
Max: 96
Mean: 35.63461538461539
Std: 15.739333576038023
