iteration: 96
System used: N_lift
Number of floors: 5
Number of passengers: 31
traffic: low
Waiting Time Statistics:
Min: 0
Max: 38
Mean: 16.06451612903226
Std: 10.369620641955255

Total Service Time Statistics:
Min: 17
Max: 94
Mean: 41.41935483870968
Std: 15.880332056873343
