iteration: 45
System used: N_lift
Number of floors: 5
Number of passengers: 49
traffic: low
Waiting Time Statistics:
Min: 0
Max: 61
Mean: 16.836734693877553
Std: 13.873456278651195

Total Service Time Statistics:
Min: 7
Max: 87
Mean: 39.12244897959184
Std: 17.422007936636284
