iteration: 73
System used: N_lift
Number of floors: 20
Number of passengers: 122
traffic: low
Waiting Time Statistics:
Min: 0
Max: 178
Mean: 34.40163934426229
Std: 36.07972344089311

Total Service Time Statistics:
Min: 7
Max: 195
Mean: 76.41803278688525
Std: 48.05744499282692
