iteration: 72
System used: N_lift
Number of floors: 20
Number of passengers: 139
traffic: low
Waiting Time Statistics:
Min: 0
Max: 142
Mean: 28.41007194244604
Std: 30.576540441277942

Total Service Time Statistics:
Min: 7
Max: 193
Mean: 68.94244604316546
Std: 41.01762961094965
