iteration: 77
System used: N_lift
Number of floors: 40
Number of passengers: 184
traffic: low
Waiting Time Statistics:
Min: 0
Max: 294
Mean: 58.97826086956522
Std: 70.87393229478742

Total Service Time Statistics:
Min: 7
Max: 389
Mean: 113.55434782608695
Std: 89.10077356479891
