iteration: 82
System used: N_lift
Number of floors: 20
Number of passengers: 135
traffic: low
Waiting Time Statistics:
Min: 0
Max: 145
Mean: 30.348148148148148
Std: 32.55863104462896

Total Service Time Statistics:
Min: 6
Max: 214
Mean: 68.24444444444444
Std: 43.83099609757315
