iteration: 27
System used: N_lift
Number of floors: 40
Number of passengers: 172
traffic: low
Waiting Time Statistics:
Min: 0
Max: 289
Mean: 59.30813953488372
Std: 70.79798575638789

Total Service Time Statistics:
Min: 7
Max: 376
Mean: 108.93023255813954
Std: 82.9946508101787
