iteration: 85
System used: N_lift
Number of floors: 5
Number of passengers: 53
traffic: low
Waiting Time Statistics:
Min: 0
Max: 42
Mean: 11.528301886792454
Std: 10.620379128363952

Total Service Time Statistics:
Min: 5
Max: 85
Mean: 32.943396226415096
Std: 15.488724303554633
