iteration: 84
System used: N_lift
Number of floors: 40
Number of passengers: 202
traffic: low
Waiting Time Statistics:
Min: 0
Max: 366
Mean: 53.76732673267327
Std: 68.8203394800652

Total Service Time Statistics:
Min: 8
Max: 406
Mean: 104.87128712871286
Std: 83.36381492668792
