iteration: 19
System used: N_lift
Number of floors: 40
Number of passengers: 202
traffic: low
Waiting Time Statistics:
Min: 0
Max: 400
Mean: 60.113861386138616
Std: 71.17123843267301

Total Service Time Statistics:
Min: 7
Max: 412
Mean: 112.67821782178218
Std: 83.31192015905727
