iteration: 68
System used: N_lift
Number of floors: 20
Number of passengers: 122
traffic: low
Waiting Time Statistics:
Min: 0
Max: 161
Mean: 30.770491803278688
Std: 31.49991129076999

Total Service Time Statistics:
Min: 10
Max: 248
Mean: 77.5
Std: 46.718826615515276
