iteration: 64
System used: N_lift
Number of floors: 20
Number of passengers: 131
traffic: low
Waiting Time Statistics:
Min: 0
Max: 219
Mean: 29.549618320610687
Std: 35.84715711085223

Total Service Time Statistics:
Min: 10
Max: 328
Mean: 76.73282442748092
Std: 51.55009877293841
