iteration: 38
System used: N_lift
Number of floors: 40
Number of passengers: 181
traffic: low
Waiting Time Statistics:
Min: 0
Max: 306
Mean: 54.26519337016575
Std: 65.91515045530682

Total Service Time Statistics:
Min: 7
Max: 323
Mean: 107.03314917127072
Std: 81.50997897684309
