iteration: 63
System used: N_lift
Number of floors: 5
Number of passengers: 47
traffic: low
Waiting Time Statistics:
Min: 0
Max: 45
Mean: 11.297872340425531
Std: 9.449901986188328

Total Service Time Statistics:
Min: 10
Max: 69
Mean: 36.148936170212764
Std: 14.543755156803714
