iteration: 64
System used: N_lift
Number of floors: 5
Number of passengers: 56
traffic: low
Waiting Time Statistics:
Min: 0
Max: 50
Mean: 12.964285714285714
Std: 11.939185727852458

Total Service Time Statistics:
Min: 10
Max: 97
Mean: 37.57142857142857
Std: 17.243557050105984
