iteration: 9
System used: N_lift
Number of floors: 20
Number of passengers: 128
traffic: low
Waiting Time Statistics:
Min: 0
Max: 191
Mean: 33.5546875
Std: 33.8004353030139

Total Service Time Statistics:
Min: 11
Max: 218
Mean: 71.6015625
Std: 42.36610958813493
