iteration: 55
System used: N_lift
Number of floors: 20
Number of passengers: 135
traffic: low
Waiting Time Statistics:
Min: 0
Max: 154
Mean: 30.385185185185186
Std: 31.50929386353943

Total Service Time Statistics:
Min: 6
Max: 197
Mean: 69.97777777777777
Std: 39.72037836818077
