iteration: 89
System used: N_lift
Number of floors: 20
Number of passengers: 141
traffic: low
Waiting Time Statistics:
Min: 0
Max: 161
Mean: 29.574468085106382
Std: 33.408988106828204

Total Service Time Statistics:
Min: 5
Max: 249
Mean: 67.92198581560284
Std: 44.528653844139804
