iteration: 7
System used: N_lift
Number of floors: 40
Number of passengers: 182
traffic: low
Waiting Time Statistics:
Min: 0
Max: 331
Mean: 59.34615384615385
Std: 70.36641245438024

Total Service Time Statistics:
Min: 8
Max: 381
Mean: 109.50549450549451
Std: 82.051240374486
