iteration: 88
System used: N_lift
Number of floors: 40
Number of passengers: 181
traffic: low
Waiting Time Statistics:
Min: 0
Max: 316
Mean: 53.06077348066298
Std: 62.82269279893624

Total Service Time Statistics:
Min: 11
Max: 396
Mean: 107.69613259668509
Std: 81.82556946513377
