iteration: 45
System used: N_lift
Number of floors: 20
Number of passengers: 122
traffic: low
Waiting Time Statistics:
Min: 0
Max: 193
Mean: 34.622950819672134
Std: 35.947465770940426

Total Service Time Statistics:
Min: 7
Max: 247
Mean: 78.36065573770492
Std: 47.891935098723444
