iteration: 77
System used: N_lift
Number of floors: 5
Number of passengers: 69
traffic: low
Waiting Time Statistics:
Min: 0
Max: 62
Mean: 11.043478260869565
Std: 11.28433946385653

Total Service Time Statistics:
Min: 15
Max: 92
Mean: 35.91304347826087
Std: 16.56514690763747
