iteration: 90
System used: N_lift
Number of floors: 40
Number of passengers: 168
traffic: low
Waiting Time Statistics:
Min: 0
Max: 321
Mean: 63.357142857142854
Std: 72.34881289362801

Total Service Time Statistics:
Min: 5
Max: 396
Mean: 119.05357142857143
Std: 88.95489396779254
