iteration: 97
System used: N_lift
Number of floors: 40
Number of passengers: 181
traffic: low
Waiting Time Statistics:
Min: 0
Max: 391
Mean: 53.613259668508285
Std: 65.9676237161835

Total Service Time Statistics:
Min: 5
Max: 422
Mean: 109.59116022099448
Std: 84.21736908000345
