iteration: 60
System used: N_lift
Number of floors: 5
Number of passengers: 48
traffic: low
Waiting Time Statistics:
Min: 0
Max: 45
Mean: 14.208333333333334
Std: 9.104495810951377

Total Service Time Statistics:
Min: 7
Max: 88
Mean: 39.416666666666664
Std: 16.198021068168256
