iteration: 51
System used: N_lift
Number of floors: 20
Number of passengers: 119
traffic: low
Waiting Time Statistics:
Min: 0
Max: 139
Mean: 34.42857142857143
Std: 33.90679433652165

Total Service Time Statistics:
Min: 14
Max: 238
Mean: 79.41176470588235
Std: 45.44626399679298
