iteration: 2
System used: N_lift
Number of floors: 20
Number of passengers: 135
traffic: low
Waiting Time Statistics:
Min: 0
Max: 168
Mean: 35.333333333333336
Std: 34.71482972715083

Total Service Time Statistics:
Min: 15
Max: 204
Mean: 76.4074074074074
Std: 45.4152148047944
