iteration: 4
System used: N_lift
Number of floors: 40
Number of passengers: 199
traffic: low
Waiting Time Statistics:
Min: 0
Max: 340
Mean: 58.256281407035175
Std: 75.16688267281471

Total Service Time Statistics:
Min: 9
Max: 404
Mean: 114.10552763819095
Std: 88.07144665988885
