iteration: 97
System used: N_lift
Number of floors: 5
Number of passengers: 46
traffic: low
Waiting Time Statistics:
Min: 0
Max: 59
Mean: 13.282608695652174
Std: 12.567441255488125

Total Service Time Statistics:
Min: 7
Max: 93
Mean: 36.32608695652174
Std: 17.136127330974805
