iteration: 61
System used: N_lift
Number of floors: 40
Number of passengers: 189
traffic: low
Waiting Time Statistics:
Min: 0
Max: 355
Mean: 61.74603174603175
Std: 75.2433572922953

Total Service Time Statistics:
Min: 10
Max: 465
Mean: 115.8994708994709
Std: 91.65380892907794
