iteration: 12
System used: N_lift
Number of floors: 20
Number of passengers: 123
traffic: low
Waiting Time Statistics:
Min: 0
Max: 129
Mean: 29.69918699186992
Std: 29.701226711805337

Total Service Time Statistics:
Min: 8
Max: 206
Mean: 70.4308943089431
Std: 44.63478047310394
