iteration: 41
System used: N_lift
Number of floors: 40
Number of passengers: 171
traffic: low
Waiting Time Statistics:
Min: 0
Max: 334
Mean: 64.37426900584795
Std: 79.35438187180732

Total Service Time Statistics:
Min: 7
Max: 421
Mean: 112.04093567251462
Std: 88.719608332368
