iteration: 98
System used: N_lift
Number of floors: 20
Number of passengers: 127
traffic: low
Waiting Time Statistics:
Min: 0
Max: 159
Mean: 33.110236220472444
Std: 32.27368782978222

Total Service Time Statistics:
Min: 6
Max: 213
Mean: 73.03937007874016
Std: 44.4503292566953
