iteration: 29
System used: N_lift
Number of floors: 40
Number of passengers: 164
traffic: low
Waiting Time Statistics:
Min: 0
Max: 308
Mean: 61.8109756097561
Std: 70.93413259595486

Total Service Time Statistics:
Min: 4
Max: 391
Mean: 120.5609756097561
Std: 84.55710635201022
