iteration: 26
System used: N_lift
Number of floors: 5
Number of passengers: 51
traffic: low
Waiting Time Statistics:
Min: 0
Max: 58
Mean: 14.941176470588236
Std: 12.608587176533117

Total Service Time Statistics:
Min: 10
Max: 98
Mean: 40.333333333333336
Std: 18.68867749913478
