iteration: 17
System used: N_lift
Number of floors: 20
Number of passengers: 133
traffic: low
Waiting Time Statistics:
Min: 0
Max: 197
Mean: 29.30075187969925
Std: 32.77124223480417

Total Service Time Statistics:
Min: 9
Max: 286
Mean: 70.66165413533835
Std: 43.43418692933949
