iteration: 86
System used: N_lift
Number of floors: 20
Number of passengers: 138
traffic: low
Waiting Time Statistics:
Min: 0
Max: 147
Mean: 28.463768115942027
Std: 30.919523376721823

Total Service Time Statistics:
Min: 9
Max: 199
Mean: 65.97826086956522
Std: 38.374730773216534
