iteration: 11
System used: N_lift
Number of floors: 5
Number of passengers: 51
traffic: low
Waiting Time Statistics:
Min: 0
Max: 38
Mean: 13.647058823529411
Std: 9.469579778240984

Total Service Time Statistics:
Min: 7
Max: 61
Mean: 36.0
Std: 14.049911031746785
