iteration: 11
System used: N_lift
Number of floors: 20
Number of passengers: 138
traffic: low
Waiting Time Statistics:
Min: 0
Max: 193
Mean: 28.21014492753623
Std: 29.90214036685315

Total Service Time Statistics:
Min: 14
Max: 222
Mean: 72.2463768115942
Std: 40.98545435308128
