iteration: 62
System used: N_lift
Number of floors: 20
Number of passengers: 122
traffic: low
Waiting Time Statistics:
Min: 0
Max: 196
Mean: 31.581967213114755
Std: 33.54036427601094

Total Service Time Statistics:
Min: 7
Max: 246
Mean: 75.51639344262296
Std: 45.92470186545255
