iteration: 0
System used: N_lift
Number of floors: 40
Number of passengers: 204
traffic: low
Waiting Time Statistics:
Min: 0
Max: 447
Mean: 61.52450980392157
Std: 77.57827375542604

Total Service Time Statistics:
Min: 12
Max: 457
Mean: 121.80882352941177
Std: 93.98557546064296
