iteration: 81
System used: N_lift
Number of floors: 20
Number of passengers: 134
traffic: low
Waiting Time Statistics:
Min: 0
Max: 166
Mean: 33.38805970149254
Std: 35.35383133681408

Total Service Time Statistics:
Min: 5
Max: 247
Mean: 68.8955223880597
Std: 45.748292816122884
