iteration: 77
System used: N_lift
Number of floors: 20
Number of passengers: 148
traffic: low
Waiting Time Statistics:
Min: 0
Max: 146
Mean: 29.68243243243243
Std: 30.939052917042673

Total Service Time Statistics:
Min: 9
Max: 181
Mean: 70.5608108108108
Std: 38.745678073898006
