iteration: 5
System used: N_lift
Number of floors: 20
Number of passengers: 145
traffic: low
Waiting Time Statistics:
Min: 0
Max: 191
Mean: 27.655172413793103
Std: 28.478398077983996

Total Service Time Statistics:
Min: 9
Max: 273
Mean: 63.02758620689655
Std: 40.71290827714402
