iteration: 1
System used: N_lift
Number of floors: 40
Number of passengers: 167
traffic: low
Waiting Time Statistics:
Min: 0
Max: 1038
Mean: 59.91616766467066
Std: 98.24946200984884

Total Service Time Statistics:
Min: 5
Max: 1218
Mean: 115.57485029940119
Std: 118.64168019437741
