iteration: 49
System used: N_lift
Number of floors: 40
Number of passengers: 179
traffic: low
Waiting Time Statistics:
Min: 0
Max: 364
Mean: 64.89944134078212
Std: 72.06848295642973

Total Service Time Statistics:
Min: 8
Max: 401
Mean: 116.93296089385476
Std: 83.94377450569223
