iteration: 73
System used: N_lift
Number of floors: 40
Number of passengers: 185
traffic: low
Waiting Time Statistics:
Min: 0
Max: 342
Mean: 59.027027027027025
Std: 72.38344697515241

Total Service Time Statistics:
Min: 4
Max: 408
Mean: 116.57297297297298
Std: 89.82111645499675
