iteration: 85
System used: N_lift
Number of floors: 40
Number of passengers: 201
traffic: low
Waiting Time Statistics:
Min: 0
Max: 355
Mean: 56.398009950248756
Std: 68.60284830836034

Total Service Time Statistics:
Min: 6
Max: 399
Mean: 111.77114427860697
Std: 85.23794555938147
