iteration: 36
System used: N_lift
Number of floors: 40
Number of passengers: 181
traffic: low
Waiting Time Statistics:
Min: 0
Max: 352
Mean: 60.71823204419889
Std: 71.69242288470372

Total Service Time Statistics:
Min: 10
Max: 391
Mean: 115.60773480662984
Std: 86.52614085322138
