iteration: 36
System used: N_lift
Number of floors: 5
Number of passengers: 59
traffic: low
Waiting Time Statistics:
Min: 0
Max: 49
Mean: 14.64406779661017
Std: 11.572504142719302

Total Service Time Statistics:
Min: 7
Max: 76
Mean: 36.54237288135593
Std: 15.482272436228369
