iteration: 64
System used: N_lift
Number of floors: 40
Number of passengers: 191
traffic: low
Waiting Time Statistics:
Min: 0
Max: 302
Mean: 59.481675392670155
Std: 68.84068892679043

Total Service Time Statistics:
Min: 9
Max: 389
Mean: 110.03664921465969
Std: 82.66147653167923
