iteration: 46
System used: N_lift
Number of floors: 20
Number of passengers: 137
traffic: low
Waiting Time Statistics:
Min: 0
Max: 111
Mean: 27.26277372262774
Std: 25.442631567379625

Total Service Time Statistics:
Min: 7
Max: 181
Mean: 69.11678832116789
Std: 39.23797412123473
