iteration: 94
System used: N_lift
Number of floors: 40
Number of passengers: 173
traffic: low
Waiting Time Statistics:
Min: 0
Max: 335
Mean: 59.040462427745666
Std: 73.05177825872319

Total Service Time Statistics:
Min: 9
Max: 398
Mean: 120.121387283237
Std: 86.7879148050222
