iteration: 33
System used: N_lift
Number of floors: 5
Number of passengers: 64
traffic: low
Waiting Time Statistics:
Min: 0
Max: 71
Mean: 13.46875
Std: 14.015828636971571

Total Service Time Statistics:
Min: 14
Max: 97
Mean: 37.125
Std: 17.398686321509615
