iteration: 1
System used: N_lift
Number of floors: 20
Number of passengers: 142
traffic: low
Waiting Time Statistics:
Min: 0
Max: 160
Mean: 31.330985915492956
Std: 35.56209669025285

Total Service Time Statistics:
Min: 13
Max: 261
Mean: 70.56338028169014
Std: 47.07071258031792
