iteration: 86
System used: N_lift
Number of floors: 5
Number of passengers: 54
traffic: low
Waiting Time Statistics:
Min: 0
Max: 55
Mean: 11.222222222222221
Std: 10.411652881424276

Total Service Time Statistics:
Min: 10
Max: 96
Mean: 32.98148148148148
Std: 18.75712769251293
