iteration: 16
System used: N_lift
Number of floors: 5
Number of passengers: 52
traffic: low
Waiting Time Statistics:
Min: 0
Max: 30
Mean: 10.23076923076923
Std: 7.04499651293526

Total Service Time Statistics:
Min: 14
Max: 63
Mean: 33.88461538461539
Std: 13.280759850329032
