iteration: 92
System used: N_lift
Number of floors: 40
Number of passengers: 218
traffic: low
Waiting Time Statistics:
Min: 0
Max: 350
Mean: 56.0045871559633
Std: 64.84959541079637

Total Service Time Statistics:
Min: 6
Max: 364
Mean: 103.97247706422019
Std: 82.87066806834576
