iteration: 13
System used: N_lift
Number of floors: 5
Number of passengers: 66
traffic: low
Waiting Time Statistics:
Min: 0
Max: 48
Mean: 12.287878787878787
Std: 11.455284506442567

Total Service Time Statistics:
Min: 10
Max: 78
Mean: 35.25757575757576
Std: 15.70135771303342
