iteration: 6
System used: N_lift
Number of floors: 20
Number of passengers: 138
traffic: low
Waiting Time Statistics:
Min: 0
Max: 213
Mean: 30.695652173913043
Std: 35.29761032742924

Total Service Time Statistics:
Min: 10
Max: 293
Mean: 69.77536231884058
Std: 45.98762418667571
