iteration: 91
System used: N_lift
Number of floors: 40
Number of passengers: 181
traffic: low
Waiting Time Statistics:
Min: 0
Max: 310
Mean: 61.05524861878453
Std: 71.93953663064762

Total Service Time Statistics:
Min: 5
Max: 374
Mean: 110.85082872928177
Std: 83.51217384229048
