iteration: 84
System used: N_lift
Number of floors: 20
Number of passengers: 144
traffic: low
Waiting Time Statistics:
Min: 0
Max: 193
Mean: 31.270833333333332
Std: 31.14127940879731

Total Service Time Statistics:
Min: 6
Max: 237
Mean: 66.59722222222223
Std: 41.38567020749692
