iteration: 89
System used: N_lift
Number of floors: 40
Number of passengers: 182
traffic: low
Waiting Time Statistics:
Min: 0
Max: 331
Mean: 58.92307692307692
Std: 74.5246788104867

Total Service Time Statistics:
Min: 9
Max: 448
Mean: 115.2967032967033
Std: 98.70699925425188
