iteration: 57
System used: N_lift
Number of floors: 20
Number of passengers: 143
traffic: low
Waiting Time Statistics:
Min: 0
Max: 133
Mean: 29.363636363636363
Std: 28.51674710686649

Total Service Time Statistics:
Min: 5
Max: 193
Mean: 71.0
Std: 43.20325365942435
