iteration: 7
System used: N_lift
Number of floors: 5
Number of passengers: 49
traffic: low
Waiting Time Statistics:
Min: 0
Max: 56
Mean: 14.122448979591837
Std: 12.051335771504794

Total Service Time Statistics:
Min: 14
Max: 99
Mean: 39.83673469387755
Std: 18.8119498134115
