iteration: 37
System used: N_lift
Number of floors: 40
Number of passengers: 178
traffic: low
Waiting Time Statistics:
Min: 0
Max: 313
Mean: 59.39887640449438
Std: 71.37545669163484

Total Service Time Statistics:
Min: 8
Max: 418
Mean: 115.99438202247191
Std: 87.8503155051916
