iteration: 17
System used: N_lift
Number of floors: 5
Number of passengers: 48
traffic: low
Waiting Time Statistics:
Min: 0
Max: 42
Mean: 11.729166666666666
Std: 10.029190551613196

Total Service Time Statistics:
Min: 7
Max: 72
Mean: 30.354166666666668
Std: 15.244796228770575
