iteration: 34
System used: N_lift
Number of floors: 40
Number of passengers: 191
traffic: low
Waiting Time Statistics:
Min: 0
Max: 378
Mean: 55.303664921465966
Std: 70.17880874611633

Total Service Time Statistics:
Min: 7
Max: 401
Mean: 107.63874345549738
Std: 83.60527788988185
