iteration: 35
System used: N_lift
Number of floors: 20
Number of passengers: 140
traffic: low
Waiting Time Statistics:
Min: 0
Max: 150
Mean: 27.635714285714286
Std: 27.503096153838325

Total Service Time Statistics:
Min: 9
Max: 175
Mean: 67.87142857142857
Std: 36.55917502515669
