iteration: 32
System used: N_lift
Number of floors: 5
Number of passengers: 34
traffic: low
Waiting Time Statistics:
Min: 0
Max: 60
Mean: 13.764705882352942
Std: 12.775589468768548

Total Service Time Statistics:
Min: 13
Max: 103
Mean: 36.970588235294116
Std: 18.175049988039543
