iteration: 80
System used: N_lift
Number of floors: 40
Number of passengers: 175
traffic: low
Waiting Time Statistics:
Min: 0
Max: 318
Mean: 69.70285714285714
Std: 80.36584983297338

Total Service Time Statistics:
Min: 6
Max: 436
Mean: 124.57142857142857
Std: 94.55488150150444
