iteration: 78
System used: N_lift
Number of floors: 20
Number of passengers: 147
traffic: low
Waiting Time Statistics:
Min: 0
Max: 238
Mean: 29.41496598639456
Std: 32.35925129461666

Total Service Time Statistics:
Min: 7
Max: 350
Mean: 72.60544217687075
Std: 46.97063463617517
