iteration: 66
System used: N_lift
Number of floors: 5
Number of passengers: 57
traffic: low
Waiting Time Statistics:
Min: 0
Max: 43
Mean: 15.596491228070175
Std: 11.066131807590102

Total Service Time Statistics:
Min: 11
Max: 71
Mean: 40.40350877192982
Std: 14.8008924068821
