iteration: 17
System used: N_lift
Number of floors: 40
Number of passengers: 201
traffic: low
Waiting Time Statistics:
Min: 1
Max: 337
Mean: 54.37313432835821
Std: 69.40277425742336

Total Service Time Statistics:
Min: 6
Max: 425
Mean: 105.01990049751244
Std: 85.42025287945506
