iteration: 61
System used: N_lift
Number of floors: 20
Number of passengers: 120
traffic: low
Waiting Time Statistics:
Min: 0
Max: 188
Mean: 33.31666666666667
Std: 36.03382708897115

Total Service Time Statistics:
Min: 4
Max: 226
Mean: 72.55833333333334
Std: 46.5857474206983
