iteration: 99
System used: N_lift
Number of floors: 20
Number of passengers: 116
traffic: low
Waiting Time Statistics:
Min: 0
Max: 193
Mean: 35.91379310344828
Std: 38.60064630355914

Total Service Time Statistics:
Min: 13
Max: 226
Mean: 79.46551724137932
Std: 49.735374697008915
