iteration: 62
System used: N_lift
Number of floors: 40
Number of passengers: 182
traffic: low
Waiting Time Statistics:
Min: 0
Max: 435
Mean: 63.63186813186813
Std: 76.44339743863047

Total Service Time Statistics:
Min: 12
Max: 455
Mean: 119.86813186813187
Std: 90.26819570372959
