iteration: 22
System used: N_lift
Number of floors: 40
Number of passengers: 161
traffic: low
Waiting Time Statistics:
Min: 0
Max: 305
Mean: 60.05590062111801
Std: 66.73916095959

Total Service Time Statistics:
Min: 4
Max: 391
Mean: 115.11180124223603
Std: 81.77927562873279
