iteration: 67
System used: N_lift
Number of floors: 40
Number of passengers: 170
traffic: low
Waiting Time Statistics:
Min: 0
Max: 225
Mean: 50.72941176470588
Std: 51.32329095954588

Total Service Time Statistics:
Min: 9
Max: 292
Mean: 116.04705882352941
Std: 76.69109726416957
