iteration: 57
System used: N_lift
Number of floors: 5
Number of passengers: 44
traffic: low
Waiting Time Statistics:
Min: 0
Max: 37
Mean: 11.295454545454545
Std: 9.265036917946365

Total Service Time Statistics:
Min: 10
Max: 71
Mean: 36.79545454545455
Std: 14.678856088525878
