iteration: 33
System used: N_lift
Number of floors: 40
Number of passengers: 180
traffic: low
Waiting Time Statistics:
Min: 0
Max: 309
Mean: 57.9
Std: 71.86471616981171

Total Service Time Statistics:
Min: 8
Max: 392
Mean: 110.65555555555555
Std: 83.23462981384786
