iteration: 8
System used: N_lift
Number of floors: 5
Number of passengers: 42
traffic: low
Waiting Time Statistics:
Min: 0
Max: 42
Mean: 15.333333333333334
Std: 10.920257896236937

Total Service Time Statistics:
Min: 15
Max: 93
Mean: 43.5
Std: 18.531778901883452
