iteration: 81
System used: N_lift
Number of floors: 5
Number of passengers: 53
traffic: low
Waiting Time Statistics:
Min: 0
Max: 61
Mean: 12.830188679245284
Std: 12.573990017640206

Total Service Time Statistics:
Min: 10
Max: 84
Mean: 36.283018867924525
Std: 18.393537074086403
