iteration: 25
System used: N_lift
Number of floors: 40
Number of passengers: 183
traffic: low
Waiting Time Statistics:
Min: 0
Max: 319
Mean: 56.37158469945355
Std: 67.83013416043183

Total Service Time Statistics:
Min: 6
Max: 380
Mean: 111.66666666666667
Std: 84.22108094883654
