iteration: 27
System used: N_lift
Number of floors: 5
Number of passengers: 47
traffic: low
Waiting Time Statistics:
Min: 0
Max: 45
Mean: 13.638297872340425
Std: 10.671835203234512

Total Service Time Statistics:
Min: 13
Max: 98
Mean: 37.255319148936174
Std: 16.80769503518938
