iteration: 79
System used: N_lift
Number of floors: 40
Number of passengers: 189
traffic: low
Waiting Time Statistics:
Min: 0
Max: 294
Mean: 54.3968253968254
Std: 66.18949417244748

Total Service Time Statistics:
Min: 8
Max: 473
Mean: 112.3862433862434
Std: 82.18274927157198
