iteration: 95
System used: N_lift
Number of floors: 5
Number of passengers: 44
traffic: low
Waiting Time Statistics:
Min: 0
Max: 51
Mean: 12.318181818181818
Std: 11.835643304497209

Total Service Time Statistics:
Min: 10
Max: 74
Mean: 32.75
Std: 14.582763001029196
