iteration: 93
System used: N_lift
Number of floors: 20
Number of passengers: 145
traffic: low
Waiting Time Statistics:
Min: 0
Max: 158
Mean: 30.22758620689655
Std: 34.47779978712273

Total Service Time Statistics:
Min: 11
Max: 241
Mean: 68.73103448275862
Std: 43.0473342787419
