iteration: 7
System used: N_lift
Number of floors: 20
Number of passengers: 152
traffic: low
Waiting Time Statistics:
Min: 0
Max: 160
Mean: 31.585526315789473
Std: 31.9099403389663

Total Service Time Statistics:
Min: 5
Max: 218
Mean: 72.39473684210526
Std: 42.4212800988879
