iteration: 91
System used: N_lift
Number of floors: 5
Number of passengers: 45
traffic: low
Waiting Time Statistics:
Min: 0
Max: 59
Mean: 12.28888888888889
Std: 11.33101580582779

Total Service Time Statistics:
Min: 7
Max: 99
Mean: 35.68888888888889
Std: 18.208167775407105
