iteration: 90
System used: N_lift
Number of floors: 5
Number of passengers: 50
traffic: low
Waiting Time Statistics:
Min: 0
Max: 51
Mean: 15.94
Std: 10.970107807406563

Total Service Time Statistics:
Min: 13
Max: 94
Mean: 39.54
Std: 17.72604448435196
