iteration: 80
System used: N_lift
Number of floors: 20
Number of passengers: 132
traffic: low
Waiting Time Statistics:
Min: 0
Max: 127
Mean: 31.401515151515152
Std: 29.640816671508343

Total Service Time Statistics:
Min: 8
Max: 168
Mean: 72.25
Std: 44.51715082479169
