iteration: 82
System used: N_lift
Number of floors: 40
Number of passengers: 193
traffic: low
Waiting Time Statistics:
Min: 0
Max: 368
Mean: 54.4559585492228
Std: 66.56238754480596

Total Service Time Statistics:
Min: 5
Max: 379
Mean: 107.8238341968912
Std: 78.62324489173479
