iteration: 54
System used: N_lift
Number of floors: 5
Number of passengers: 55
traffic: low
Waiting Time Statistics:
Min: 0
Max: 53
Mean: 11.10909090909091
Std: 10.221025402050435

Total Service Time Statistics:
Min: 11
Max: 103
Mean: 32.69090909090909
Std: 16.797125776258103
