iteration: 70
System used: N_lift
Number of floors: 20
Number of passengers: 149
traffic: low
Waiting Time Statistics:
Min: 0
Max: 149
Mean: 31.684563758389263
Std: 31.31576048425227

Total Service Time Statistics:
Min: 7
Max: 206
Mean: 70.8255033557047
Std: 40.55072424847677
