iteration: 35
System used: N_lift
Number of floors: 5
Number of passengers: 43
traffic: low
Waiting Time Statistics:
Min: 0
Max: 52
Mean: 16.186046511627907
Std: 13.207602092938908

Total Service Time Statistics:
Min: 7
Max: 85
Mean: 41.0
Std: 19.060055463867734
