iteration: 12
System used: N_lift
Number of floors: 5
Number of passengers: 42
traffic: low
Waiting Time Statistics:
Min: 0
Max: 83
Mean: 15.047619047619047
Std: 15.173713439980759

Total Service Time Statistics:
Min: 10
Max: 106
Mean: 40.45238095238095
Std: 20.673067646097326
