iteration: 47
System used: N_lift
Number of floors: 5
Number of passengers: 52
traffic: low
Waiting Time Statistics:
Min: 0
Max: 45
Mean: 15.26923076923077
Std: 11.589575073188573

Total Service Time Statistics:
Min: 10
Max: 75
Mean: 39.67307692307692
Std: 17.857520142534508
