iteration: 10
System used: N_lift
Number of floors: 5
Number of passengers: 58
traffic: low
Waiting Time Statistics:
Min: 1
Max: 41
Mean: 11.982758620689655
Std: 8.716774269189957

Total Service Time Statistics:
Min: 8
Max: 88
Mean: 35.672413793103445
Std: 15.399234352161436
