iteration: 39
System used: N_lift
Number of floors: 5
Number of passengers: 56
traffic: low
Waiting Time Statistics:
Min: 0
Max: 44
Mean: 11.214285714285714
Std: 10.395303634927537

Total Service Time Statistics:
Min: 10
Max: 87
Mean: 35.035714285714285
Std: 15.608813694034051
