iteration: 86
System used: N_lift
Number of floors: 40
Number of passengers: 189
traffic: low
Waiting Time Statistics:
Min: 0
Max: 327
Mean: 57.06349206349206
Std: 69.64504373986611

Total Service Time Statistics:
Min: 6
Max: 398
Mean: 107.71428571428571
Std: 79.16064233464017
