iteration: 79
System used: N_lift
Number of floors: 5
Number of passengers: 39
traffic: low
Waiting Time Statistics:
Min: 0
Max: 66
Mean: 15.717948717948717
Std: 15.076905863550172

Total Service Time Statistics:
Min: 11
Max: 82
Mean: 40.82051282051282
Std: 21.595408618831573
