iteration: 58
System used: N_lift
Number of floors: 20
Number of passengers: 124
traffic: low
Waiting Time Statistics:
Min: 0
Max: 170
Mean: 31.701612903225808
Std: 31.67209534264592

Total Service Time Statistics:
Min: 5
Max: 219
Mean: 70.4758064516129
Std: 43.90667555031847
