iteration: 31
System used: N_lift
Number of floors: 20
Number of passengers: 138
traffic: low
Waiting Time Statistics:
Min: 0
Max: 124
Mean: 30.28985507246377
Std: 26.518469778531735

Total Service Time Statistics:
Min: 10
Max: 208
Mean: 73.65217391304348
Std: 40.59478449365536
