iteration: 69
System used: N_lift
Number of floors: 5
Number of passengers: 51
traffic: low
Waiting Time Statistics:
Min: 0
Max: 54
Mean: 13.705882352941176
Std: 12.190642505868276

Total Service Time Statistics:
Min: 10
Max: 92
Mean: 40.27450980392157
Std: 19.79805892644281
