iteration: 2
System used: N_lift
Number of floors: 5
Number of passengers: 60
traffic: low
Waiting Time Statistics:
Min: 0
Max: 38
Mean: 10.75
Std: 8.750060532478269

Total Service Time Statistics:
Min: 13
Max: 67
Mean: 37.03333333333333
Std: 14.842639751818403
