iteration: 99
System used: N_lift
Number of floors: 5
Number of passengers: 47
traffic: low
Waiting Time Statistics:
Min: 0
Max: 41
Mean: 12.319148936170214
Std: 10.340100039417505

Total Service Time Statistics:
Min: 10
Max: 79
Mean: 36.12765957446808
Std: 15.5921064495393
