iteration: 35
System used: N_lift
Number of floors: 40
Number of passengers: 171
traffic: low
Waiting Time Statistics:
Min: 0
Max: 356
Mean: 60.11695906432749
Std: 71.61234123096848

Total Service Time Statistics:
Min: 10
Max: 440
Mean: 115.72514619883042
Std: 93.29157587185978
