iteration: 43
System used: N_lift
Number of floors: 5
Number of passengers: 50
traffic: low
Waiting Time Statistics:
Min: 0
Max: 55
Mean: 13.0
Std: 10.724756788070549

Total Service Time Statistics:
Min: 16
Max: 89
Mean: 40.48
Std: 16.072844382081605
