iteration: 59
System used: N_lift
Number of floors: 20
Number of passengers: 143
traffic: low
Waiting Time Statistics:
Min: 0
Max: 183
Mean: 31.363636363636363
Std: 32.459844196719246

Total Service Time Statistics:
Min: 14
Max: 226
Mean: 73.3986013986014
Std: 43.84289170389787
