iteration: 3
System used: N_lift
Number of floors: 40
Number of passengers: 198
traffic: low
Waiting Time Statistics:
Min: 0
Max: 299
Mean: 55.111111111111114
Std: 66.65532052348946

Total Service Time Statistics:
Min: 5
Max: 400
Mean: 105.60606060606061
Std: 82.79070525601401
