iteration: 43
System used: N_lift
Number of floors: 20
Number of passengers: 142
traffic: low
Waiting Time Statistics:
Min: 0
Max: 150
Mean: 31.04225352112676
Std: 31.537408439119385

Total Service Time Statistics:
Min: 8
Max: 206
Mean: 70.45070422535211
Std: 41.188130471036565
