iteration: 26
System used: N_lift
Number of floors: 20
Number of passengers: 146
traffic: low
Waiting Time Statistics:
Min: 0
Max: 139
Mean: 28.356164383561644
Std: 27.03120539647806

Total Service Time Statistics:
Min: 8
Max: 167
Mean: 69.14383561643835
Std: 38.70293399303654
