iteration: 34
System used: N_lift
Number of floors: 5
Number of passengers: 47
traffic: low
Waiting Time Statistics:
Min: 0
Max: 54
Mean: 14.23404255319149
Std: 13.077050534956344

Total Service Time Statistics:
Min: 7
Max: 107
Mean: 39.0
Std: 21.142374511865974
