iteration: 40
System used: N_lift
Number of floors: 5
Number of passengers: 43
traffic: low
Waiting Time Statistics:
Min: 0
Max: 66
Mean: 15.186046511627907
Std: 13.508825711105436

Total Service Time Statistics:
Min: 7
Max: 105
Mean: 41.651162790697676
Std: 21.512879554140664
