iteration: 41
System used: N_lift
Number of floors: 20
Number of passengers: 138
traffic: low
Waiting Time Statistics:
Min: 0
Max: 194
Mean: 28.57246376811594
Std: 30.665820075335315

Total Service Time Statistics:
Min: 9
Max: 254
Mean: 77.03623188405797
Std: 45.46746802353728
