iteration: 94
System used: N_lift
Number of floors: 20
Number of passengers: 143
traffic: low
Waiting Time Statistics:
Min: 0
Max: 169
Mean: 27.6013986013986
Std: 27.8888992657561

Total Service Time Statistics:
Min: 8
Max: 201
Mean: 73.04895104895105
Std: 42.74166234011235
