iteration: 22
System used: N_lift
Number of floors: 20
Number of passengers: 118
traffic: low
Waiting Time Statistics:
Min: 0
Max: 219
Mean: 39.889830508474574
Std: 42.032300135394465

Total Service Time Statistics:
Min: 9
Max: 277
Mean: 78.05084745762711
Std: 54.73695410392162
