iteration: 69
System used: N_lift
Number of floors: 20
Number of passengers: 140
traffic: low
Waiting Time Statistics:
Min: 0
Max: 124
Mean: 28.12857142857143
Std: 28.49506908174252

Total Service Time Statistics:
Min: 6
Max: 166
Mean: 73.09285714285714
Std: 38.64855417708979
