iteration: 12
System used: N_lift
Number of floors: 40
Number of passengers: 176
traffic: low
Waiting Time Statistics:
Min: 0
Max: 325
Mean: 63.27272727272727
Std: 75.45174083349697

Total Service Time Statistics:
Min: 11
Max: 387
Mean: 114.75
Std: 84.8508944308443
