iteration: 98
System used: N_lift
Number of floors: 5
Number of passengers: 43
traffic: low
Waiting Time Statistics:
Min: 0
Max: 44
Mean: 14.30232558139535
Std: 10.534602584139497

Total Service Time Statistics:
Min: 13
Max: 82
Mean: 43.51162790697674
Std: 20.742608658350772
