iteration: 76
System used: N_lift
Number of floors: 5
Number of passengers: 53
traffic: low
Waiting Time Statistics:
Min: 0
Max: 59
Mean: 12.037735849056604
Std: 12.867613286779847

Total Service Time Statistics:
Min: 8
Max: 83
Mean: 35.39622641509434
Std: 18.220170165803264
