Waiting Time Statistics:
Min: 0.0
Max: 325.2000000000037
Mean: 111.49105690998607
Std: 82.98385682210315

Total Service Time Statistics:
Min: 11.30000000000291
Max: 390.80000000000666
Mean: 160.88943089372592
Std: 94.19950298543235
