iteration: 51
System used: oscillation
Number of floors: 20
Number of passengers: 329
traffic: moderate
Waiting Time Statistics:
Min: 0
Max: 79
Mean: 38.60790273556231
Std: 22.955977186255364

Total Service Time Statistics:
Min: 4
Max: 148
Mean: 68.05471124620061
Std: 30.003100205542193
