iteration: 73
System used: oscillation
Number of floors: 5
Number of passengers: 120
traffic: moderate
Waiting Time Statistics:
Min: 0
Max: 19
Mean: 9.616666666666667
Std: 6.064337595829447

Total Service Time Statistics:
Min: 4
Max: 35
Mean: 18.683333333333334
Std: 6.45733682562338
