iteration: 57
System used: oscillation
Number of floors: 5
Number of passengers: 126
traffic: moderate
Waiting Time Statistics:
Min: 0
Max: 19
Mean: 8.944444444444445
Std: 6.011063873299708

Total Service Time Statistics:
Min: 4
Max: 39
Mean: 18.658730158730158
Std: 8.056959921372526
