iteration: 70
System used: oscillation
Number of floors: 40
Number of passengers: 758
traffic: moderate
Waiting Time Statistics:
Min: 0
Max: 3281
Mean: 352.53562005277047
Std: 592.5304294514916

Total Service Time Statistics:
Min: 7
Max: 3326
Mean: 410.4934036939314
Std: 589.929131120909
