iteration: 79
System used: oscillation
Number of floors: 20
Number of passengers: 247
traffic: moderate
Waiting Time Statistics:
Min: 0
Max: 116
Mean: 39.80161943319838
Std: 24.230539031499468

Total Service Time Statistics:
Min: 9
Max: 155
Mean: 68.62753036437248
Std: 28.326187486752314
