iteration: 71
System used: oscillation
Number of floors: 40
Number of passengers: 796
traffic: moderate
Waiting Time Statistics:
Min: 0
Max: 3405
Mean: 348.57286432160805
Std: 534.0488479929555

Total Service Time Statistics:
Min: 4
Max: 3453
Mean: 404.4824120603015
Std: 531.0117135636912
