iteration: 35
System used: oscillation
Number of floors: 20
Number of passengers: 287
traffic: moderate
Waiting Time Statistics:
Min: 0
Max: 79
Mean: 40.89895470383275
Std: 22.793391700167

Total Service Time Statistics:
Min: 8
Max: 148
Mean: 69.62369337979094
Std: 28.694152743997602
