iteration: 80
System used: oscillation
Number of floors: 20
Number of passengers: 291
traffic: moderate
Waiting Time Statistics:
Min: 0
Max: 128
Mean: 40.13745704467354
Std: 23.328131731083907

Total Service Time Statistics:
Min: 8
Max: 152
Mean: 68.81099656357388
Std: 28.751048245417643
