iteration: 15
System used: oscillation
Number of floors: 20
Number of passengers: 289
traffic: moderate
Waiting Time Statistics:
Min: 0
Max: 79
Mean: 37.68166089965398
Std: 24.417143965952615

Total Service Time Statistics:
Min: 4
Max: 151
Mean: 67.27335640138408
Std: 30.78201838264253
