iteration: 30
System used: oscillation
Number of floors: 20
Number of passengers: 254
traffic: moderate
Waiting Time Statistics:
Min: 0
Max: 79
Mean: 39.618110236220474
Std: 22.749882221205212

Total Service Time Statistics:
Min: 5
Max: 151
Mean: 67.16141732283465
Std: 29.524852657811344
