iteration: 10
System used: oscillation
Number of floors: 5
Number of passengers: 137
traffic: moderate
Waiting Time Statistics:
Min: 0
Max: 19
Mean: 8.751824817518248
Std: 5.76600205808074

Total Service Time Statistics:
Min: 4
Max: 37
Mean: 18.124087591240876
Std: 7.485717042430216
