iteration: 98
System used: oscillation
Number of floors: 5
Number of passengers: 127
traffic: moderate
Waiting Time Statistics:
Min: 0
Max: 19
Mean: 9.48031496062992
Std: 5.945320146640065

Total Service Time Statistics:
Min: 4
Max: 38
Mean: 19.086614173228348
Std: 7.941276157937269
