iteration: 37
System used: oscillation
Number of floors: 5
Number of passengers: 135
traffic: moderate
Waiting Time Statistics:
Min: 0
Max: 19
Mean: 10.155555555555555
Std: 6.017222380312145

Total Service Time Statistics:
Min: 4
Max: 37
Mean: 19.51851851851852
Std: 7.6800301731487615
