iteration: 61
System used: oscillation
Number of floors: 20
Number of passengers: 277
traffic: moderate
Waiting Time Statistics:
Min: 0
Max: 79
Mean: 39.462093862815884
Std: 22.78354764793974

Total Service Time Statistics:
Min: 13
Max: 137
Mean: 69.07942238267148
Std: 29.62386503100658
