iteration: 32
System used: oscillation
Number of floors: 5
Number of passengers: 143
traffic: moderate
Waiting Time Statistics:
Min: 0
Max: 19
Mean: 9.62937062937063
Std: 5.753967794118334

Total Service Time Statistics:
Min: 4
Max: 39
Mean: 19.083916083916083
Std: 7.547498889424645
