iteration: 84
System used: oscillation
Number of floors: 20
Number of passengers: 270
traffic: moderate
Waiting Time Statistics:
Min: 0
Max: 79
Mean: 37.907407407407405
Std: 22.838912628591814

Total Service Time Statistics:
Min: 6
Max: 144
Mean: 66.94444444444444
Std: 29.1441849981594
