iteration: 86
System used: oscillation
Number of floors: 20
Number of passengers: 268
traffic: moderate
Waiting Time Statistics:
Min: 0
Max: 132
Mean: 38.22014925373134
Std: 23.70496014673225

Total Service Time Statistics:
Min: 14
Max: 152
Mean: 67.08582089552239
Std: 28.8887201215273
