iteration: 8
System used: oscillation
Number of floors: 5
Number of passengers: 139
traffic: moderate
Waiting Time Statistics:
Min: 0
Max: 19
Mean: 10.014388489208633
Std: 6.006018251661148

Total Service Time Statistics:
Min: 4
Max: 38
Mean: 19.25179856115108
Std: 7.912651331226666
