iteration: 78
System used: oscillation
Number of floors: 40
Number of passengers: 741
traffic: moderate
Waiting Time Statistics:
Min: 0
Max: 1823
Mean: 197.58569500674764
Std: 269.1526488624721

Total Service Time Statistics:
Min: 5
Max: 1847
Mean: 251.65856950067476
Std: 268.9685870789528
