iteration: 29
System used: oscillation
Number of floors: 40
Number of passengers: 752
traffic: moderate
Waiting Time Statistics:
Min: 0
Max: 2063
Mean: 256.02526595744683
Std: 374.3196411734737

Total Service Time Statistics:
Min: 6
Max: 2107
Mean: 312.5625
Std: 372.4395858255137
