iteration: 86
System used: oscillation
Number of floors: 40
Number of passengers: 778
traffic: moderate
Waiting Time Statistics:
Min: 0
Max: 2521
Mean: 314.98071979434445
Std: 460.64320303566416

Total Service Time Statistics:
Min: 7
Max: 2569
Mean: 370.25064267352184
Std: 459.02081463542555
