iteration: 89
System used: oscillation
Number of floors: 40
Number of passengers: 752
traffic: moderate
Waiting Time Statistics:
Min: 0
Max: 2901
Mean: 237.13829787234042
Std: 358.3442832281064

Total Service Time Statistics:
Min: 8
Max: 2953
Mean: 291.7659574468085
Std: 357.9550307035874
