iteration: 97
System used: oscillation
Number of floors: 5
Number of passengers: 127
traffic: moderate
Waiting Time Statistics:
Min: 0
Max: 19
Mean: 9.511811023622048
Std: 5.944006106905101

Total Service Time Statistics:
Min: 4
Max: 38
Mean: 19.055118110236222
Std: 7.8217311105217835
