iteration: 87
System used: oscillation
Number of floors: 20
Number of passengers: 277
traffic: moderate
Waiting Time Statistics:
Min: 0
Max: 108
Mean: 37.49097472924188
Std: 22.658078144579715

Total Service Time Statistics:
Min: 8
Max: 147
Mean: 67.72924187725631
Std: 27.372013975242094
