iteration: 59
System used: oscillation
Number of floors: 20
Number of passengers: 277
traffic: moderate
Waiting Time Statistics:
Min: 0
Max: 116
Mean: 36.624548736462096
Std: 22.370800801701122

Total Service Time Statistics:
Min: 9
Max: 153
Mean: 65.51985559566786
Std: 27.10213778362954
