iteration: 96
System used: oscillation
Number of floors: 5
Number of passengers: 133
traffic: moderate
Waiting Time Statistics:
Min: 0
Max: 19
Mean: 9.105263157894736
Std: 5.931762421291629

Total Service Time Statistics:
Min: 4
Max: 34
Mean: 18.278195488721803
Std: 7.542157660352629
