iteration: 6
System used: oscillation
Number of floors: 5
Number of passengers: 133
traffic: moderate
Waiting Time Statistics:
Min: 0
Max: 19
Mean: 8.849624060150376
Std: 5.792492843538698

Total Service Time Statistics:
Min: 4
Max: 39
Mean: 18.50375939849624
Std: 7.767086794610041
