iteration: 92
System used: oscillation
Number of floors: 5
Number of passengers: 127
traffic: moderate
Waiting Time Statistics:
Min: 0
Max: 19
Mean: 8.78740157480315
Std: 5.599929026279046

Total Service Time Statistics:
Min: 4
Max: 39
Mean: 17.763779527559056
Std: 7.9815826621213395
