iteration: 9
System used: oscillation
Number of floors: 20
Number of passengers: 291
traffic: moderate
Waiting Time Statistics:
Min: 0
Max: 79
Mean: 39.312714776632305
Std: 22.82365250434419

Total Service Time Statistics:
Min: 5
Max: 147
Mean: 66.51546391752578
Std: 27.827713822633424
