iteration: 33
System used: oscillation
Number of floors: 40
Number of passengers: 768
traffic: moderate
Waiting Time Statistics:
Min: 0
Max: 2171
Mean: 245.015625
Std: 355.45167074855624

Total Service Time Statistics:
Min: 11
Max: 2215
Mean: 300.609375
Std: 353.6148746121069
