iteration: 92
System used: oscillation
Number of floors: 20
Number of passengers: 267
traffic: moderate
Waiting Time Statistics:
Min: 0
Max: 79
Mean: 36.10486891385768
Std: 22.484837302844404

Total Service Time Statistics:
Min: 4
Max: 152
Mean: 66.35205992509363
Std: 30.26840497491929
