iteration: 16
System used: oscillation
Number of floors: 40
Number of passengers: 722
traffic: moderate
Waiting Time Statistics:
Min: 0
Max: 2979
Mean: 218.99307479224376
Std: 356.1693502459332

Total Service Time Statistics:
Min: 9
Max: 3031
Mean: 273.2534626038781
Std: 354.551469136391
