iteration: 44
System used: oscillation
Number of floors: 5
Number of passengers: 123
traffic: moderate
Waiting Time Statistics:
Min: 0
Max: 19
Mean: 9.154471544715447
Std: 5.54716368276293

Total Service Time Statistics:
Min: 4
Max: 37
Mean: 18.650406504065042
Std: 7.327227172001785
