iteration: 64
System used: oscillation
Number of floors: 40
Number of passengers: 786
traffic: moderate
Waiting Time Statistics:
Min: 0
Max: 3831
Mean: 343.735368956743
Std: 562.2313857790995

Total Service Time Statistics:
Min: 10
Max: 3875
Mean: 399.11959287531806
Std: 560.3630815208597
