iteration: 82
System used: oscillation
Number of floors: 20
Number of passengers: 285
traffic: moderate
Waiting Time Statistics:
Min: 0
Max: 116
Mean: 38.291228070175436
Std: 23.711056141506816

Total Service Time Statistics:
Min: 8
Max: 136
Mean: 68.73333333333333
Std: 29.2056654096218
