iteration: 47
System used: oscillation
Number of floors: 5
Number of passengers: 123
traffic: moderate
Waiting Time Statistics:
Min: 0
Max: 19
Mean: 9.130081300813009
Std: 6.352951230538316

Total Service Time Statistics:
Min: 4
Max: 39
Mean: 18.333333333333332
Std: 7.739261906886727
