iteration: 48
System used: oscillation
Number of floors: 40
Number of passengers: 758
traffic: moderate
Waiting Time Statistics:
Min: 0
Max: 2793
Mean: 247.87203166226914
Std: 414.65914857163057

Total Service Time Statistics:
Min: 10
Max: 2865
Mean: 302.4736147757256
Std: 413.8770693057153
