iteration: 44
System used: oscillation
Number of floors: 20
Number of passengers: 270
traffic: moderate
Waiting Time Statistics:
Min: 0
Max: 132
Mean: 37.78888888888889
Std: 24.74111057863386

Total Service Time Statistics:
Min: 8
Max: 152
Mean: 67.0037037037037
Std: 30.78218213773924
