iteration: 53
System used: oscillation
Number of floors: 20
Number of passengers: 286
traffic: moderate
Waiting Time Statistics:
Min: 0
Max: 79
Mean: 38.99300699300699
Std: 23.448636365842148

Total Service Time Statistics:
Min: 4
Max: 142
Mean: 66.13986013986013
Std: 29.852761816129274
