iteration: 7
System used: oscillation
Number of floors: 40
Number of passengers: 813
traffic: moderate
Waiting Time Statistics:
Min: 0
Max: 2851
Mean: 317.0738007380074
Std: 455.11417337070617

Total Service Time Statistics:
Min: 4
Max: 2915
Mean: 372.5178351783518
Std: 454.21062770962527
