iteration: 21
System used: oscillation
Number of floors: 5
Number of passengers: 123
traffic: moderate
Waiting Time Statistics:
Min: 0
Max: 19
Mean: 9.617886178861788
Std: 5.762399780719852

Total Service Time Statistics:
Min: 4
Max: 38
Mean: 19.276422764227643
Std: 7.654743320008532
