iteration: 26
System used: oscillation
Number of floors: 40
Number of passengers: 737
traffic: moderate
Waiting Time Statistics:
Min: 0
Max: 2064
Mean: 227.84396200814112
Std: 337.5348312453789

Total Service Time Statistics:
Min: 9
Max: 2144
Mean: 283.4314789687924
Std: 336.1898984384807
