iteration: 8
System used: oscillation
Number of floors: 40
Number of passengers: 761
traffic: moderate
Waiting Time Statistics:
Min: 0
Max: 3428
Mean: 273.58344283837056
Std: 439.1347757258761

Total Service Time Statistics:
Min: 4
Max: 3508
Mean: 329.06833114323257
Std: 437.1634682316104
