iteration: 60
System used: oscillation
Number of floors: 20
Number of passengers: 290
traffic: moderate
Waiting Time Statistics:
Min: 0
Max: 79
Mean: 39.97931034482759
Std: 23.23327436210862

Total Service Time Statistics:
Min: 10
Max: 150
Mean: 69.89655172413794
Std: 28.814818404677606
