iteration: 60
System used: oscillation
Number of floors: 5
Number of passengers: 130
traffic: moderate
Waiting Time Statistics:
Min: 0
Max: 19
Mean: 9.661538461538461
Std: 6.05984860014248

Total Service Time Statistics:
Min: 4
Max: 37
Mean: 18.70769230769231
Std: 6.750763555832931
