iteration: 56
System used: oscillation
Number of floors: 40
Number of passengers: 734
traffic: moderate
Waiting Time Statistics:
Min: 0
Max: 2857
Mean: 206.4441416893733
Std: 331.80092572322684

Total Service Time Statistics:
Min: 7
Max: 2901
Mean: 262.9618528610354
Std: 331.7135858611415
