iteration: 73
System used: oscillation
Number of floors: 20
Number of passengers: 278
traffic: moderate
Waiting Time Statistics:
Min: 0
Max: 128
Mean: 40.568345323741006
Std: 23.110799001011596

Total Service Time Statistics:
Min: 7
Max: 156
Mean: 71.24460431654676
Std: 28.73502541469107
