iteration: 3
System used: oscillation
Number of floors: 40
Number of passengers: 762
traffic: moderate
Waiting Time Statistics:
Min: 0
Max: 1491
Mean: 198.41601049868765
Std: 257.9543581460869

Total Service Time Statistics:
Min: 4
Max: 1587
Mean: 254.36351706036746
Std: 257.92916930967874
