iteration: 42
System used: oscillation
Number of floors: 5
Number of passengers: 123
traffic: moderate
Waiting Time Statistics:
Min: 0
Max: 19
Mean: 8.91869918699187
Std: 5.584805933101809

Total Service Time Statistics:
Min: 4
Max: 37
Mean: 18.121951219512194
Std: 7.91096496347561
