iteration: 27
System used: oscillation
Number of floors: 20
Number of passengers: 252
traffic: moderate
Waiting Time Statistics:
Min: 0
Max: 79
Mean: 39.357142857142854
Std: 23.234287167260923

Total Service Time Statistics:
Min: 6
Max: 142
Mean: 70.83333333333333
Std: 29.48069798673126
