iteration: 83
System used: oscillation
Number of floors: 5
Number of passengers: 147
traffic: moderate
Waiting Time Statistics:
Min: 0
Max: 19
Mean: 10.26530612244898
Std: 5.814868201444272

Total Service Time Statistics:
Min: 4
Max: 38
Mean: 19.571428571428573
Std: 7.606774197952121
