iteration: 5
System used: oscillation
Number of floors: 5
Number of passengers: 137
traffic: moderate
Waiting Time Statistics:
Min: 0
Max: 19
Mean: 9.620437956204379
Std: 5.902556010224965

Total Service Time Statistics:
Min: 4
Max: 35
Mean: 18.525547445255473
Std: 7.2356148281087425
