iteration: 9
System used: oscillation
Number of floors: 40
Number of passengers: 827
traffic: moderate
Waiting Time Statistics:
Min: 0
Max: 2798
Mean: 359.8863361547763
Std: 508.23274648054274

Total Service Time Statistics:
Min: 4
Max: 2814
Mean: 416.35550181378477
Std: 506.0466289352587
