iteration: 90
System used: oscillation
Number of floors: 20
Number of passengers: 307
traffic: moderate
Waiting Time Statistics:
Min: 0
Max: 79
Mean: 40.02605863192182
Std: 22.492394613748964

Total Service Time Statistics:
Min: 12
Max: 148
Mean: 68.84690553745928
Std: 28.504087802256716
