iteration: 11
System used: oscillation
Number of floors: 5
Number of passengers: 146
traffic: moderate
Waiting Time Statistics:
Min: 0
Max: 19
Mean: 9.547945205479452
Std: 5.7906966905972626

Total Service Time Statistics:
Min: 4
Max: 37
Mean: 18.45205479452055
Std: 7.849517614680775
