iteration: 38
System used: oscillation
Number of floors: 20
Number of passengers: 276
traffic: moderate
Waiting Time Statistics:
Min: 0
Max: 79
Mean: 34.95652173913044
Std: 23.653520073293688

Total Service Time Statistics:
Min: 4
Max: 135
Mean: 64.08695652173913
Std: 30.692724221842916
