iteration: 98
System used: oscillation
Number of floors: 40
Number of passengers: 775
traffic: moderate
Waiting Time Statistics:
Min: 0
Max: 3751
Mean: 364.72
Std: 555.226313054425

Total Service Time Statistics:
Min: 13
Max: 3835
Mean: 422.75870967741935
Std: 553.335948297162
