iteration: 46
System used: oscillation
Number of floors: 5
Number of passengers: 145
traffic: moderate
Waiting Time Statistics:
Min: 0
Max: 19
Mean: 9.63448275862069
Std: 5.922900229316443

Total Service Time Statistics:
Min: 4
Max: 36
Mean: 18.6
Std: 7.10379397849409
