iteration: 69
System used: oscillation
Number of floors: 5
Number of passengers: 129
traffic: moderate
Waiting Time Statistics:
Min: 0
Max: 19
Mean: 9.968992248062015
Std: 5.452834676363473

Total Service Time Statistics:
Min: 5
Max: 39
Mean: 19.674418604651162
Std: 6.948654085839298
