iteration: 72
System used: oscillation
Number of floors: 40
Number of passengers: 829
traffic: moderate
Waiting Time Statistics:
Min: 0
Max: 3954
Mean: 388.90108564535586
Std: 634.3449490290936

Total Service Time Statistics:
Min: 4
Max: 4050
Mean: 442.6043425814234
Std: 632.1989614362101
