iteration: 19
System used: oscillation
Number of floors: 40
Number of passengers: 718
traffic: moderate
Waiting Time Statistics:
Min: 0
Max: 1695
Mean: 174.0041782729805
Std: 216.21559629900915

Total Service Time Statistics:
Min: 4
Max: 1699
Mean: 230.95125348189416
Std: 213.58655852624454
