iteration: 81
System used: oscillation
Number of floors: 40
Number of passengers: 804
traffic: moderate
Waiting Time Statistics:
Min: 0
Max: 3114
Mean: 344.2276119402985
Std: 493.07104480659643

Total Service Time Statistics:
Min: 8
Max: 3194
Mean: 400.521144278607
Std: 492.6611204743911
