iteration: 57
System used: oscillation
Number of floors: 20
Number of passengers: 289
traffic: moderate
Waiting Time Statistics:
Min: 0
Max: 79
Mean: 37.53979238754325
Std: 23.092641954890034

Total Service Time Statistics:
Min: 11
Max: 143
Mean: 67.20069204152249
Std: 28.436720676842274
