iteration: 8
System used: oscillation
Number of floors: 20
Number of passengers: 288
traffic: moderate
Waiting Time Statistics:
Min: 0
Max: 128
Mean: 37.93402777777778
Std: 23.71959792831149

Total Service Time Statistics:
Min: 5
Max: 160
Mean: 68.93402777777777
Std: 31.08590696111414
