iteration: 15
System used: oscillation
Number of floors: 5
Number of passengers: 130
traffic: moderate
Waiting Time Statistics:
Min: 0
Max: 19
Mean: 9.192307692307692
Std: 5.59636669765921

Total Service Time Statistics:
Min: 5
Max: 39
Mean: 18.823076923076922
Std: 7.368974752892403
