iteration: 54
System used: oscillation
Number of floors: 40
Number of passengers: 800
traffic: moderate
Waiting Time Statistics:
Min: 0
Max: 3166
Mean: 223.84625
Std: 349.29902285885396

Total Service Time Statistics:
Min: 9
Max: 3270
Mean: 277.34125
Std: 349.74081559929147
