iteration: 22
System used: oscillation
Number of floors: 20
Number of passengers: 263
traffic: moderate
Waiting Time Statistics:
Min: 0
Max: 112
Mean: 37.22433460076046
Std: 22.80281925272285

Total Service Time Statistics:
Min: 7
Max: 153
Mean: 64.5551330798479
Std: 28.570586925917052
