iteration: 40
System used: oscillation
Number of floors: 20
Number of passengers: 278
traffic: moderate
Waiting Time Statistics:
Min: 0
Max: 132
Mean: 37.18345323741007
Std: 24.540370032200002

Total Service Time Statistics:
Min: 7
Max: 144
Mean: 67.2410071942446
Std: 30.711352839067906
