iteration: 27
System used: oscillation
Number of floors: 5
Number of passengers: 148
traffic: moderate
Waiting Time Statistics:
Min: 0
Max: 19
Mean: 9.027027027027026
Std: 5.537682840083911

Total Service Time Statistics:
Min: 4
Max: 35
Mean: 17.864864864864863
Std: 7.207940301013515
