iteration: 90
System used: oscillation
Number of floors: 5
Number of passengers: 129
traffic: moderate
Waiting Time Statistics:
Min: 0
Max: 19
Mean: 10.279069767441861
Std: 5.45575490907601

Total Service Time Statistics:
Min: 4
Max: 36
Mean: 19.209302325581394
Std: 7.541214278264321
