iteration: 41
System used: oscillation
Number of floors: 5
Number of passengers: 120
traffic: moderate
Waiting Time Statistics:
Min: 0
Max: 19
Mean: 9.475
Std: 5.752547846188598

Total Service Time Statistics:
Min: 4
Max: 36
Mean: 19.141666666666666
Std: 7.142364828972267
