iteration: 67
System used: oscillation
Number of floors: 40
Number of passengers: 779
traffic: moderate
Waiting Time Statistics:
Min: 0
Max: 3032
Mean: 271.9255455712452
Std: 404.64953842569423

Total Service Time Statistics:
Min: 10
Max: 3108
Mean: 328.1463414634146
Std: 406.2062352413331
