iteration: 13
System used: oscillation
Number of floors: 40
Number of passengers: 755
traffic: moderate
Waiting Time Statistics:
Min: 0
Max: 3382
Mean: 324.35099337748346
Std: 552.0291144663548

Total Service Time Statistics:
Min: 4
Max: 3450
Mean: 381.4158940397351
Std: 551.7402699427398
