iteration: 99
System used: oscillation
Number of floors: 20
Number of passengers: 286
traffic: moderate
Waiting Time Statistics:
Min: 0
Max: 79
Mean: 40.08741258741259
Std: 22.739934321165677

Total Service Time Statistics:
Min: 11
Max: 143
Mean: 69.51398601398601
Std: 28.926612772878965
