iteration: 71
System used: oscillation
Number of floors: 5
Number of passengers: 148
traffic: moderate
Waiting Time Statistics:
Min: 0
Max: 19
Mean: 9.22972972972973
Std: 5.740528543058379

Total Service Time Statistics:
Min: 4
Max: 38
Mean: 17.445945945945947
Std: 7.332050398399981
