iteration: 45
System used: oscillation
Number of floors: 40
Number of passengers: 748
traffic: moderate
Waiting Time Statistics:
Min: 0
Max: 3145
Mean: 231.87299465240642
Std: 350.80249735130775

Total Service Time Statistics:
Min: 5
Max: 3233
Mean: 287.370320855615
Std: 350.6428489573549
