iteration: 4
System used: oscillation
Number of floors: 20
Number of passengers: 303
traffic: moderate
Waiting Time Statistics:
Min: 0
Max: 79
Mean: 38.73267326732673
Std: 23.68986611902362

Total Service Time Statistics:
Min: 4
Max: 158
Mean: 68.60726072607261
Std: 31.97330550612633
