iteration: 12
System used: oscillation
Number of floors: 5
Number of passengers: 154
traffic: moderate
Waiting Time Statistics:
Min: 0
Max: 19
Mean: 9.331168831168831
Std: 6.070452594604118

Total Service Time Statistics:
Min: 4
Max: 39
Mean: 19.01948051948052
Std: 8.198095410266166
