iteration: 19
System used: oscillation
Number of floors: 20
Number of passengers: 316
traffic: moderate
Waiting Time Statistics:
Min: 0
Max: 120
Mean: 37.58227848101266
Std: 23.702713042723488

Total Service Time Statistics:
Min: 10
Max: 149
Mean: 66.69620253164557
Std: 28.50846910885043
