iteration: 15
System used: oscillation
Number of floors: 40
Number of passengers: 799
traffic: moderate
Waiting Time Statistics:
Min: 0
Max: 3280
Mean: 266.22277847309135
Std: 438.10267096601757

Total Service Time Statistics:
Min: 6
Max: 3340
Mean: 320.9461827284105
Std: 434.5225430958304
