iteration: 22
System used: oscillation
Number of floors: 40
Number of passengers: 784
traffic: moderate
Waiting Time Statistics:
Min: 0
Max: 2471
Mean: 266.0676020408163
Std: 406.63994858699635

Total Service Time Statistics:
Min: 6
Max: 2503
Mean: 321.99107142857144
Std: 404.2849117030947
