iteration: 82
System used: oscillation
Number of floors: 40
Number of passengers: 738
traffic: moderate
Waiting Time Statistics:
Min: 0
Max: 1902
Mean: 201.03929539295393
Std: 295.18737663997365

Total Service Time Statistics:
Min: 8
Max: 1926
Mean: 256.659891598916
Std: 293.9515546181096
