iteration: 46
System used: oscillation
Number of floors: 40
Number of passengers: 783
traffic: moderate
Waiting Time Statistics:
Min: 0
Max: 3723
Mean: 317.12771392081737
Std: 477.4932321377448

Total Service Time Statistics:
Min: 8
Max: 3748
Mean: 374.0166028097063
Std: 474.3082576272587
