iteration: 41
System used: oscillation
Number of floors: 40
Number of passengers: 761
traffic: moderate
Waiting Time Statistics:
Min: 0
Max: 2329
Mean: 266.36136662286464
Std: 372.88207819944955

Total Service Time Statistics:
Min: 7
Max: 2374
Mean: 322.7503285151117
Std: 369.5491430934134
