iteration: 37
System used: oscillation
Number of floors: 40
Number of passengers: 744
traffic: moderate
Waiting Time Statistics:
Min: 0
Max: 3266
Mean: 310.4744623655914
Std: 484.406808662214

Total Service Time Statistics:
Min: 7
Max: 3358
Mean: 369.630376344086
Std: 480.98445389669536
