iteration: 20
System used: oscillation
Number of floors: 40
Number of passengers: 775
traffic: moderate
Waiting Time Statistics:
Min: 0
Max: 3015
Mean: 287.1083870967742
Std: 461.2275398696579

Total Service Time Statistics:
Min: 8
Max: 3075
Mean: 343.25290322580645
Std: 459.1524947952505
