iteration: 72
System used: oscillation
Number of floors: 20
Number of passengers: 316
traffic: moderate
Waiting Time Statistics:
Min: 0
Max: 140
Mean: 41.45569620253165
Std: 23.503757196901653

Total Service Time Statistics:
Min: 5
Max: 160
Mean: 70.65822784810126
Std: 28.32975263691082
