iteration: 10
System used: oscillation
Number of floors: 20
Number of passengers: 286
traffic: moderate
Waiting Time Statistics:
Min: 0
Max: 79
Mean: 40.20979020979021
Std: 21.894757250162716

Total Service Time Statistics:
Min: 8
Max: 154
Mean: 71.38461538461539
Std: 29.033537311166896
