iteration: 47
System used: oscillation
Number of floors: 40
Number of passengers: 817
traffic: moderate
Waiting Time Statistics:
Min: 0
Max: 3687
Mean: 352.78335373317015
Std: 619.414034309066

Total Service Time Statistics:
Min: 5
Max: 3791
Mean: 406.4235006119951
Std: 619.761583931783
