iteration: 1
System used: oscillation
Number of floors: 20
Number of passengers: 286
traffic: moderate
Waiting Time Statistics:
Min: 0
Max: 136
Mean: 40.31118881118881
Std: 24.778974122868142

Total Service Time Statistics:
Min: 4
Max: 156
Mean: 70.68881118881119
Std: 30.42928553599134
