iteration: 2
System used: oscillation
Number of floors: 20
Number of passengers: 280
traffic: moderate
Waiting Time Statistics:
Min: 0
Max: 79
Mean: 37.357142857142854
Std: 24.007935196116982

Total Service Time Statistics:
Min: 7
Max: 146
Mean: 65.98571428571428
Std: 29.590147957027717
