iteration: 24
System used: oscillation
Number of floors: 20
Number of passengers: 310
traffic: moderate
Waiting Time Statistics:
Min: 0
Max: 132
Mean: 39.174193548387095
Std: 24.30260906980891

Total Service Time Statistics:
Min: 6
Max: 156
Mean: 70.06451612903226
Std: 29.01392979128122
