iteration: 51
System used: oscillation
Number of floors: 40
Number of passengers: 779
traffic: moderate
Waiting Time Statistics:
Min: 0
Max: 2208
Mean: 217.2824133504493
Std: 292.9816708802843

Total Service Time Statistics:
Min: 12
Max: 2308
Mean: 271.6341463414634
Std: 293.4161672658673
