iteration: 1
System used: oscillation
Number of floors: 40
Number of passengers: 796
traffic: moderate
Waiting Time Statistics:
Min: 0
Max: 3788
Mean: 385.54145728643215
Std: 614.4738400989288

Total Service Time Statistics:
Min: 6
Max: 3792
Mean: 442.3957286432161
Std: 612.2498116627752
