iteration: 45
System used: oscillation
Number of floors: 20
Number of passengers: 312
traffic: moderate
Waiting Time Statistics:
Min: 0
Max: 112
Mean: 36.87179487179487
Std: 24.351186730021176

Total Service Time Statistics:
Min: 7
Max: 151
Mean: 64.91025641025641
Std: 30.106962969164574
