iteration: 58
System used: oscillation
Number of floors: 40
Number of passengers: 768
traffic: moderate
Waiting Time Statistics:
Min: 0
Max: 2050
Mean: 244.58854166666666
Std: 330.7567041879514

Total Service Time Statistics:
Min: 8
Max: 2054
Mean: 298.609375
Std: 327.85814898708253
