iteration: 39
System used: oscillation
Number of floors: 5
Number of passengers: 143
traffic: moderate
Waiting Time Statistics:
Min: 0
Max: 19
Mean: 9.181818181818182
Std: 5.6414416842300605

Total Service Time Statistics:
Min: 5
Max: 39
Mean: 18.104895104895103
Std: 7.011774088574247
