iteration: 24
System used: oscillation
Number of floors: 5
Number of passengers: 129
traffic: moderate
Waiting Time Statistics:
Min: 0
Max: 19
Mean: 8.829457364341085
Std: 5.692818983991685

Total Service Time Statistics:
Min: 5
Max: 39
Mean: 18.007751937984494
Std: 7.614230226226713
