iteration: 68
System used: oscillation
Number of floors: 20
Number of passengers: 291
traffic: moderate
Waiting Time Statistics:
Min: 0
Max: 124
Mean: 42.391752577319586
Std: 24.13434669441369

Total Service Time Statistics:
Min: 7
Max: 152
Mean: 72.5085910652921
Std: 28.570103045107444
