iteration: 24
System used: oscillation
Number of floors: 40
Number of passengers: 739
traffic: moderate
Waiting Time Statistics:
Min: 0
Max: 2811
Mean: 243.22462787550745
Std: 384.3541069837131

Total Service Time Statistics:
Min: 9
Max: 2887
Mean: 299.94451962110963
Std: 384.06807761863
