iteration: 7
System used: oscillation
Number of floors: 20
Number of passengers: 284
traffic: moderate
Waiting Time Statistics:
Min: 0
Max: 79
Mean: 37.63380281690141
Std: 22.65269471196819

Total Service Time Statistics:
Min: 4
Max: 152
Mean: 65.61971830985915
Std: 29.314484027046433
