iteration: 98
System used: oscillation
Number of floors: 20
Number of passengers: 272
traffic: moderate
Waiting Time Statistics:
Min: 0
Max: 79
Mean: 37.48529411764706
Std: 23.614988452632634

Total Service Time Statistics:
Min: 5
Max: 154
Mean: 66.66176470588235
Std: 30.297472423466374
