iteration: 70
System used: oscillation
Number of floors: 20
Number of passengers: 283
traffic: moderate
Waiting Time Statistics:
Min: 0
Max: 78
Mean: 34.918727915194346
Std: 23.108219864940192

Total Service Time Statistics:
Min: 4
Max: 134
Mean: 62.80565371024735
Std: 29.754093285008558
