iteration: 21
System used: oscillation
Number of floors: 40
Number of passengers: 781
traffic: moderate
Waiting Time Statistics:
Min: 0
Max: 2404
Mean: 250.74903969270167
Std: 358.4710101853529

Total Service Time Statistics:
Min: 9
Max: 2416
Mean: 305.75544174135723
Std: 356.67557313832776
