iteration: 29
System used: oscillation
Number of floors: 5
Number of passengers: 122
traffic: moderate
Waiting Time Statistics:
Min: 0
Max: 19
Mean: 8.172131147540984
Std: 5.634446335117527

Total Service Time Statistics:
Min: 4
Max: 38
Mean: 18.434426229508198
Std: 7.3596933381563545
