iteration: 77
System used: oscillation
Number of floors: 5
Number of passengers: 153
traffic: moderate
Waiting Time Statistics:
Min: 0
Max: 19
Mean: 9.784313725490197
Std: 5.692725247456973

Total Service Time Statistics:
Min: 5
Max: 38
Mean: 19.352941176470587
Std: 6.409769053474973
