iteration: 80
System used: oscillation
Number of floors: 5
Number of passengers: 123
traffic: moderate
Waiting Time Statistics:
Min: 0
Max: 19
Mean: 9.105691056910569
Std: 5.6202400744039185

Total Service Time Statistics:
Min: 4
Max: 36
Mean: 18.211382113821138
Std: 7.356553933671779
