iteration: 99
System used: oscillation
Number of floors: 40
Number of passengers: 763
traffic: moderate
Waiting Time Statistics:
Min: 0
Max: 3122
Mean: 331.18086500655306
Std: 519.7525544921236

Total Service Time Statistics:
Min: 14
Max: 3230
Mean: 386.9030144167759
Std: 516.0480160662518
