iteration: 31
System used: oscillation
Number of floors: 5
Number of passengers: 129
traffic: moderate
Waiting Time Statistics:
Min: 0
Max: 19
Mean: 9.782945736434108
Std: 5.658181631924249

Total Service Time Statistics:
Min: 5
Max: 39
Mean: 18.992248062015506
Std: 7.44195887774076
