iteration: 21
System used: oscillation
Number of floors: 20
Number of passengers: 274
traffic: moderate
Waiting Time Statistics:
Min: 0
Max: 79
Mean: 34.84306569343066
Std: 23.48456369530928

Total Service Time Statistics:
Min: 4
Max: 144
Mean: 62.84306569343066
Std: 30.574849717631352
