iteration: 85
System used: oscillation
Number of floors: 20
Number of passengers: 263
traffic: moderate
Waiting Time Statistics:
Min: 0
Max: 79
Mean: 39.98098859315589
Std: 21.876728280077153

Total Service Time Statistics:
Min: 8
Max: 155
Mean: 71.99619771863118
Std: 29.577624369615474
