iteration: 95
System used: oscillation
Number of floors: 5
Number of passengers: 140
traffic: moderate
Waiting Time Statistics:
Min: 0
Max: 19
Mean: 9.492857142857142
Std: 5.63965460008164

Total Service Time Statistics:
Min: 4
Max: 38
Mean: 19.178571428571427
Std: 8.028069333599273
