iteration: 88
System used: oscillation
Number of floors: 20
Number of passengers: 295
traffic: moderate
Waiting Time Statistics:
Min: 0
Max: 79
Mean: 36.94237288135593
Std: 23.16034174455187

Total Service Time Statistics:
Min: 4
Max: 138
Mean: 68.02033898305085
Std: 29.536779675959874
