iteration: 71
System used: oscillation
Number of floors: 20
Number of passengers: 311
traffic: moderate
Waiting Time Statistics:
Min: 0
Max: 120
Mean: 38.048231511254016
Std: 22.843102758525436

Total Service Time Statistics:
Min: 8
Max: 150
Mean: 67.52733118971061
Std: 29.351458593469477
