iteration: 13
System used: oscillation
Number of floors: 20
Number of passengers: 280
traffic: moderate
Waiting Time Statistics:
Min: 0
Max: 128
Mean: 38.59642857142857
Std: 24.16397066375076

Total Service Time Statistics:
Min: 4
Max: 148
Mean: 67.625
Std: 31.203093829236373
