iteration: 55
System used: oscillation
Number of floors: 20
Number of passengers: 280
traffic: moderate
Waiting Time Statistics:
Min: 0
Max: 120
Mean: 39.875
Std: 25.503294115715487

Total Service Time Statistics:
Min: 5
Max: 160
Mean: 70.80357142857143
Std: 31.216563268954335
