iteration: 92
System used: oscillation
Number of floors: 40
Number of passengers: 825
traffic: moderate
Waiting Time Statistics:
Min: 0
Max: 3341
Mean: 355.0860606060606
Std: 511.1119480210049

Total Service Time Statistics:
Min: 8
Max: 3373
Mean: 410.64969696969695
Std: 508.28206487999375
