iteration: 70
System used: oscillation
Number of floors: 5
Number of passengers: 131
traffic: moderate
Waiting Time Statistics:
Min: 0
Max: 19
Mean: 9.572519083969466
Std: 6.005165128519519

Total Service Time Statistics:
Min: 4
Max: 39
Mean: 19.16030534351145
Std: 7.524132246305503
