iteration: 35
System used: oscillation
Number of floors: 40
Number of passengers: 770
traffic: moderate
Waiting Time Statistics:
Min: 0
Max: 3360
Mean: 326.7974025974026
Std: 515.0129171241126

Total Service Time Statistics:
Min: 9
Max: 3432
Mean: 385.374025974026
Std: 510.9154183757773
