iteration: 19
System used: oscillation
Number of floors: 5
Number of passengers: 138
traffic: moderate
Waiting Time Statistics:
Min: 0
Max: 19
Mean: 9.63768115942029
Std: 5.756547562489559

Total Service Time Statistics:
Min: 4
Max: 39
Mean: 18.652173913043477
Std: 7.363008919531167
