iteration: 89
System used: oscillation
Number of floors: 20
Number of passengers: 276
traffic: moderate
Waiting Time Statistics:
Min: 0
Max: 120
Mean: 34.05797101449275
Std: 23.31094728887291

Total Service Time Statistics:
Min: 7
Max: 157
Mean: 64.59420289855072
Std: 27.839706811716226
