iteration: 25
System used: oscillation
Number of floors: 40
Number of passengers: 745
traffic: moderate
Waiting Time Statistics:
Min: 0
Max: 1979
Mean: 206.75436241610737
Std: 283.7996274831466

Total Service Time Statistics:
Min: 11
Max: 2039
Mean: 262.53422818791944
Std: 282.7215026976356
