iteration: 23
System used: oscillation
Number of floors: 20
Number of passengers: 280
traffic: moderate
Waiting Time Statistics:
Min: 0
Max: 79
Mean: 39.05714285714286
Std: 22.87922832137634

Total Service Time Statistics:
Min: 4
Max: 147
Mean: 69.58571428571429
Std: 29.098642201700596
