iteration: 2
System used: oscillation
Number of floors: 40
Number of passengers: 739
traffic: moderate
Waiting Time Statistics:
Min: 0
Max: 1902
Mean: 199.84167794316645
Std: 261.57076715121474

Total Service Time Statistics:
Min: 15
Max: 1974
Mean: 256.0257104194858
Std: 259.33227921991454
