iteration: 6
System used: oscillation
Number of floors: 20
Number of passengers: 284
traffic: moderate
Waiting Time Statistics:
Min: 0
Max: 120
Mean: 38.11619718309859
Std: 24.252730383825284

Total Service Time Statistics:
Min: 4
Max: 142
Mean: 68.52464788732394
Std: 29.90236334803388
