iteration: 65
System used: oscillation
Number of floors: 40
Number of passengers: 815
traffic: moderate
Waiting Time Statistics:
Min: 0
Max: 2929
Mean: 344.2527607361963
Std: 487.238729749768

Total Service Time Statistics:
Min: 4
Max: 2949
Mean: 399.75705521472395
Std: 482.75978976650094
