iteration: 57
System used: oscillation
Number of floors: 40
Number of passengers: 766
traffic: moderate
Waiting Time Statistics:
Min: 0
Max: 3744
Mean: 409.52872062663187
Std: 623.2889392476225

Total Service Time Statistics:
Min: 4
Max: 3800
Mean: 467.3668407310705
Std: 619.7780563299864
