iteration: 33
System used: oscillation
Number of floors: 20
Number of passengers: 267
traffic: moderate
Waiting Time Statistics:
Min: 0
Max: 79
Mean: 36.81647940074907
Std: 23.315102683082795

Total Service Time Statistics:
Min: 4
Max: 140
Mean: 65.91011235955057
Std: 29.038206792891437
