iteration: 40
System used: oscillation
Number of floors: 5
Number of passengers: 127
traffic: moderate
Waiting Time Statistics:
Min: 0
Max: 19
Mean: 10.165354330708661
Std: 5.7068098829486145

Total Service Time Statistics:
Min: 4
Max: 35
Mean: 19.614173228346456
Std: 7.671889777845128
