iteration: 51
System used: oscillation
Number of floors: 5
Number of passengers: 130
traffic: moderate
Waiting Time Statistics:
Min: 0
Max: 19
Mean: 8.723076923076922
Std: 5.576828284515062

Total Service Time Statistics:
Min: 4
Max: 36
Mean: 17.70769230769231
Std: 7.674023588973806
