iteration: 37
System used: oscillation
Number of floors: 20
Number of passengers: 299
traffic: moderate
Waiting Time Statistics:
Min: 0
Max: 112
Mean: 38.635451505016725
Std: 23.01292780929584

Total Service Time Statistics:
Min: 4
Max: 158
Mean: 69.27090301003345
Std: 30.036949106025133
