iteration: 23
System used: oscillation
Number of floors: 40
Number of passengers: 751
traffic: moderate
Waiting Time Statistics:
Min: 0
Max: 2867
Mean: 266.5525965379494
Std: 378.0893292551145

Total Service Time Statistics:
Min: 14
Max: 2883
Mean: 322.7017310252996
Std: 377.9903123763001
