iteration: 43
System used: oscillation
Number of floors: 20
Number of passengers: 284
traffic: moderate
Waiting Time Statistics:
Min: 0
Max: 120
Mean: 39.897887323943664
Std: 23.753447860752306

Total Service Time Statistics:
Min: 6
Max: 137
Mean: 65.96830985915493
Std: 28.36079479197066
