iteration: 64
System used: oscillation
Number of floors: 5
Number of passengers: 142
traffic: moderate
Waiting Time Statistics:
Min: 0
Max: 19
Mean: 9.035211267605634
Std: 5.980360258403976

Total Service Time Statistics:
Min: 4
Max: 35
Mean: 18.133802816901408
Std: 7.277897047638169
