iteration: 23
System used: oscillation
Number of floors: 5
Number of passengers: 123
traffic: moderate
Waiting Time Statistics:
Min: 0
Max: 19
Mean: 10.495934959349594
Std: 6.240236943457286

Total Service Time Statistics:
Min: 4
Max: 37
Mean: 19.4390243902439
Std: 7.282526067624458
