iteration: 0
System used: oscillation
Number of floors: 40
Number of passengers: 778
traffic: moderate
Waiting Time Statistics:
Min: 0
Max: 2401
Mean: 242.01799485861181
Std: 342.4376724621988

Total Service Time Statistics:
Min: 5
Max: 2489
Mean: 297.46272493573264
Std: 341.3842843856647
