iteration: 18
System used: oscillation
Number of floors: 5
Number of passengers: 152
traffic: moderate
Waiting Time Statistics:
Min: 0
Max: 19
Mean: 8.842105263157896
Std: 5.922351044655413

Total Service Time Statistics:
Min: 4
Max: 39
Mean: 17.894736842105264
Std: 7.533728041841901
