iteration: 25
System used: oscillation
Number of floors: 20
Number of passengers: 288
traffic: moderate
Waiting Time Statistics:
Min: 0
Max: 79
Mean: 37.13194444444444
Std: 23.61250673382101

Total Service Time Statistics:
Min: 4
Max: 150
Mean: 66.78472222222223
Std: 31.20219843823535
