iteration: 94
System used: oscillation
Number of floors: 5
Number of passengers: 140
traffic: moderate
Waiting Time Statistics:
Min: 0
Max: 19
Mean: 9.242857142857142
Std: 5.875043460511441

Total Service Time Statistics:
Min: 4
Max: 39
Mean: 18.728571428571428
Std: 8.130095840527112
