iteration: 16
System used: oscillation
Number of floors: 5
Number of passengers: 127
traffic: moderate
Waiting Time Statistics:
Min: 0
Max: 19
Mean: 9.881889763779528
Std: 5.6703267916637285

Total Service Time Statistics:
Min: 4
Max: 37
Mean: 19.771653543307085
Std: 7.57102766753016
