iteration: 9
System used: oscillation
Number of floors: 5
Number of passengers: 134
traffic: moderate
Waiting Time Statistics:
Min: 0
Max: 19
Mean: 8.67910447761194
Std: 6.048178432379836

Total Service Time Statistics:
Min: 4
Max: 35
Mean: 18.261194029850746
Std: 7.72548667905361
