iteration: 63
System used: oscillation
Number of floors: 5
Number of passengers: 131
traffic: moderate
Waiting Time Statistics:
Min: 0
Max: 19
Mean: 8.793893129770993
Std: 5.748200463893573

Total Service Time Statistics:
Min: 4
Max: 36
Mean: 17.83206106870229
Std: 8.054767027863997
