iteration: 59
System used: oscillation
Number of floors: 5
Number of passengers: 130
traffic: moderate
Waiting Time Statistics:
Min: 0
Max: 19
Mean: 9.253846153846155
Std: 6.0248986462079275

Total Service Time Statistics:
Min: 4
Max: 36
Mean: 18.73076923076923
Std: 7.539856332333144
