iteration: 67
System used: oscillation
Number of floors: 20
Number of passengers: 280
traffic: moderate
Waiting Time Statistics:
Min: 0
Max: 79
Mean: 38.207142857142856
Std: 23.580411173061204

Total Service Time Statistics:
Min: 4
Max: 156
Mean: 69.79285714285714
Std: 30.241915043515878
