iteration: 66
System used: oscillation
Number of floors: 20
Number of passengers: 303
traffic: moderate
Waiting Time Statistics:
Min: 0
Max: 79
Mean: 39.4026402640264
Std: 24.63810097178736

Total Service Time Statistics:
Min: 4
Max: 146
Mean: 67.81188118811882
Std: 30.338393769539586
