iteration: 0
System used: oscillation
Number of floors: 20
Number of passengers: 289
traffic: moderate
Waiting Time Statistics:
Min: 0
Max: 79
Mean: 36.75086505190311
Std: 23.83770809818106

Total Service Time Statistics:
Min: 7
Max: 157
Mean: 68.86159169550173
Std: 31.27257316211653
