iteration: 74
System used: oscillation
Number of floors: 40
Number of passengers: 771
traffic: moderate
Waiting Time Statistics:
Min: 0
Max: 1645
Mean: 195.4863813229572
Std: 246.14838890341193

Total Service Time Statistics:
Min: 4
Max: 1673
Mean: 250.13229571984436
Std: 244.79445527269462
