iteration: 84
System used: oscillation
Number of floors: 40
Number of passengers: 771
traffic: moderate
Waiting Time Statistics:
Min: 0
Max: 1517
Mean: 191.45525291828793
Std: 239.8787875893949

Total Service Time Statistics:
Min: 4
Max: 1561
Mean: 245.98702983138782
Std: 239.41273352604574
