iteration: 83
System used: oscillation
Number of floors: 20
Number of passengers: 270
traffic: moderate
Waiting Time Statistics:
Min: 0
Max: 79
Mean: 36.64074074074074
Std: 23.55379446395011

Total Service Time Statistics:
Min: 4
Max: 151
Mean: 66.89259259259259
Std: 31.913445045405485
