iteration: 79
System used: oscillation
Number of floors: 40
Number of passengers: 760
traffic: moderate
Waiting Time Statistics:
Min: 0
Max: 2664
Mean: 224.16447368421052
Std: 345.57963459701654

Total Service Time Statistics:
Min: 9
Max: 2680
Mean: 278.46973684210525
Std: 344.03984377205126
