iteration: 22
System used: oscillation
Number of floors: 5
Number of passengers: 130
traffic: moderate
Waiting Time Statistics:
Min: 0
Max: 19
Mean: 8.430769230769231
Std: 5.798875140237904

Total Service Time Statistics:
Min: 4
Max: 35
Mean: 17.93846153846154
Std: 7.9384784105805455
