iteration: 86
System used: oscillation
Number of floors: 5
Number of passengers: 134
traffic: moderate
Waiting Time Statistics:
Min: 0
Max: 19
Mean: 8.783582089552239
Std: 5.463979023697486

Total Service Time Statistics:
Min: 4
Max: 39
Mean: 18.395522388059703
Std: 7.359734647795474
