iteration: 81
System used: oscillation
Number of floors: 5
Number of passengers: 121
traffic: moderate
Waiting Time Statistics:
Min: 0
Max: 19
Mean: 9.942148760330578
Std: 6.364350609267684

Total Service Time Statistics:
Min: 4
Max: 39
Mean: 19.39669421487603
Std: 8.343140234990434
