iteration: 17
System used: oscillation
Number of floors: 40
Number of passengers: 783
traffic: moderate
Waiting Time Statistics:
Min: 0
Max: 3160
Mean: 240.48659003831418
Std: 355.1420262870733

Total Service Time Statistics:
Min: 5
Max: 3192
Mean: 295.44444444444446
Std: 353.9565287029238
