iteration: 87
System used: oscillation
Number of floors: 40
Number of passengers: 760
traffic: moderate
Waiting Time Statistics:
Min: 0
Max: 2530
Mean: 248.85657894736843
Std: 368.4540958837677

Total Service Time Statistics:
Min: 8
Max: 2614
Mean: 305.8776315789474
Std: 368.1753885834122
