iteration: 3
System used: oscillation
Number of floors: 5
Number of passengers: 137
traffic: moderate
Waiting Time Statistics:
Min: 0
Max: 19
Mean: 9.802919708029197
Std: 5.855916334657267

Total Service Time Statistics:
Min: 4
Max: 39
Mean: 19.0
Std: 7.445883189426774
