iteration: 91
System used: oscillation
Number of floors: 40
Number of passengers: 785
traffic: moderate
Waiting Time Statistics:
Min: 0
Max: 3035
Mean: 352.05859872611467
Std: 500.736115410198

Total Service Time Statistics:
Min: 11
Max: 3083
Mean: 408.25732484076434
Std: 497.03438115124976
