iteration: 99
System used: oscillation
Number of floors: 5
Number of passengers: 133
traffic: moderate
Waiting Time Statistics:
Min: 0
Max: 19
Mean: 9.278195488721805
Std: 5.600802679836556

Total Service Time Statistics:
Min: 4
Max: 38
Mean: 18.69172932330827
Std: 6.876817061393742
