iteration: 40
System used: oscillation
Number of floors: 40
Number of passengers: 808
traffic: moderate
Waiting Time Statistics:
Min: 0
Max: 3052
Mean: 345.18935643564356
Std: 529.8623585369892

Total Service Time Statistics:
Min: 4
Max: 3120
Mean: 398.76856435643566
Std: 529.568887487
