iteration: 63
System used: oscillation
Number of floors: 20
Number of passengers: 290
traffic: moderate
Waiting Time Statistics:
Min: 0
Max: 120
Mean: 37.69655172413793
Std: 23.500666010714298

Total Service Time Statistics:
Min: 8
Max: 155
Mean: 66.57931034482759
Std: 29.629002196311433
