iteration: 41
System used: oscillation
Number of floors: 20
Number of passengers: 321
traffic: moderate
Waiting Time Statistics:
Min: 0
Max: 79
Mean: 37.66978193146417
Std: 23.105532135503772

Total Service Time Statistics:
Min: 4
Max: 144
Mean: 64.797507788162
Std: 30.277871354662143
