iteration: 84
System used: oscillation
Number of floors: 5
Number of passengers: 149
traffic: moderate
Waiting Time Statistics:
Min: 0
Max: 19
Mean: 9.422818791946309
Std: 6.194135421699075

Total Service Time Statistics:
Min: 4
Max: 38
Mean: 18.06711409395973
Std: 8.143696309922538
