iteration: 64
System used: oscillation
Number of floors: 20
Number of passengers: 285
traffic: moderate
Waiting Time Statistics:
Min: 0
Max: 120
Mean: 39.63508771929825
Std: 24.117088874582933

Total Service Time Statistics:
Min: 7
Max: 156
Mean: 70.3157894736842
Std: 29.69075227981666
