iteration: 85
System used: oscillation
Number of floors: 5
Number of passengers: 144
traffic: moderate
Waiting Time Statistics:
Min: 0
Max: 19
Mean: 9.756944444444445
Std: 5.662101376423068

Total Service Time Statistics:
Min: 4
Max: 37
Mean: 19.229166666666668
Std: 7.733062927311677
