iteration: 95
System used: oscillation
Number of floors: 40
Number of passengers: 763
traffic: moderate
Waiting Time Statistics:
Min: 0
Max: 1970
Mean: 235.27522935779817
Std: 304.44042769999515

Total Service Time Statistics:
Min: 6
Max: 2046
Mean: 291.2909567496723
Std: 302.389984349098
