iteration: 14
System used: oscillation
Number of floors: 5
Number of passengers: 129
traffic: moderate
Waiting Time Statistics:
Min: 0
Max: 19
Mean: 9.527131782945736
Std: 5.6638623076757515

Total Service Time Statistics:
Min: 4
Max: 39
Mean: 18.3953488372093
Std: 7.455512436960615
