iteration: 52
System used: oscillation
Number of floors: 20
Number of passengers: 309
traffic: moderate
Waiting Time Statistics:
Min: 0
Max: 79
Mean: 38.213592233009706
Std: 24.103396249393242

Total Service Time Statistics:
Min: 8
Max: 149
Mean: 66.71844660194175
Std: 29.855197335953587
