iteration: 94
System used: oscillation
Number of floors: 40
Number of passengers: 798
traffic: moderate
Waiting Time Statistics:
Min: 0
Max: 2634
Mean: 351.7268170426065
Std: 530.1757508440768

Total Service Time Statistics:
Min: 9
Max: 2694
Mean: 409.68170426065166
Std: 526.4752102353197
