iteration: 89
System used: oscillation
Number of floors: 5
Number of passengers: 150
traffic: moderate
Waiting Time Statistics:
Min: 0
Max: 19
Mean: 9.173333333333334
Std: 6.0564976109102835

Total Service Time Statistics:
Min: 4
Max: 38
Mean: 18.773333333333333
Std: 7.995927374990956
