iteration: 82
System used: oscillation
Number of floors: 5
Number of passengers: 151
traffic: moderate
Waiting Time Statistics:
Min: 0
Max: 19
Mean: 8.841059602649006
Std: 5.571466252530882

Total Service Time Statistics:
Min: 4
Max: 37
Mean: 18.165562913907284
Std: 7.6519544027010165
