iteration: 35
System used: oscillation
Number of floors: 5
Number of passengers: 128
traffic: moderate
Waiting Time Statistics:
Min: 0
Max: 19
Mean: 9.6015625
Std: 6.022712711520599

Total Service Time Statistics:
Min: 4
Max: 39
Mean: 19.0390625
Std: 7.683095611099171
