iteration: 75
System used: oscillation
Number of floors: 5
Number of passengers: 133
traffic: moderate
Waiting Time Statistics:
Min: 0
Max: 19
Mean: 9.300751879699249
Std: 5.820529188695369

Total Service Time Statistics:
Min: 4
Max: 31
Mean: 17.18045112781955
Std: 6.6055928856310455
