iteration: 4
System used: oscillation
Number of floors: 5
Number of passengers: 126
traffic: moderate
Waiting Time Statistics:
Min: 0
Max: 19
Mean: 9.126984126984127
Std: 5.788242050203674

Total Service Time Statistics:
Min: 4
Max: 38
Mean: 18.714285714285715
Std: 7.058449850053075
