iteration: 42
System used: oscillation
Number of floors: 20
Number of passengers: 287
traffic: moderate
Waiting Time Statistics:
Min: 0
Max: 79
Mean: 36.98954703832753
Std: 23.16503337948016

Total Service Time Statistics:
Min: 10
Max: 144
Mean: 68.44599303135888
Std: 28.62885927763125
