iteration: 50
System used: oscillation
Number of floors: 5
Number of passengers: 137
traffic: moderate
Waiting Time Statistics:
Min: 0
Max: 19
Mean: 9.75912408759124
Std: 5.889329268018227

Total Service Time Statistics:
Min: 4
Max: 38
Mean: 19.452554744525546
Std: 7.204952139817067
