iteration: 28
System used: oscillation
Number of floors: 40
Number of passengers: 744
traffic: moderate
Waiting Time Statistics:
Min: 0
Max: 1719
Mean: 210.76344086021504
Std: 288.14068262214107

Total Service Time Statistics:
Min: 4
Max: 1787
Mean: 265.13978494623655
Std: 288.23736260887864
