iteration: 50
System used: oscillation
Number of floors: 20
Number of passengers: 290
traffic: moderate
Waiting Time Statistics:
Min: 0
Max: 79
Mean: 38.87931034482759
Std: 23.322381535589116

Total Service Time Statistics:
Min: 8
Max: 149
Mean: 69.23793103448276
Std: 29.819096013361147
