iteration: 6
System used: oscillation
Number of floors: 40
Number of passengers: 795
traffic: moderate
Waiting Time Statistics:
Min: 0
Max: 2041
Mean: 255.8930817610063
Std: 362.8659985264347

Total Service Time Statistics:
Min: 6
Max: 2074
Mean: 309.1308176100629
Std: 360.73911740328
