iteration: 61
System used: oscillation
Number of floors: 5
Number of passengers: 160
traffic: moderate
Waiting Time Statistics:
Min: 0
Max: 19
Mean: 9.05625
Std: 5.706938152964425

Total Service Time Statistics:
Min: 4
Max: 36
Mean: 18.35625
Std: 7.804487400521937
