iteration: 62
System used: oscillation
Number of floors: 40
Number of passengers: 748
traffic: moderate
Waiting Time Statistics:
Min: 0
Max: 3409
Mean: 248.02807486631016
Std: 375.37143480849005

Total Service Time Statistics:
Min: 5
Max: 3505
Mean: 303.4879679144385
Std: 374.80342887546027
