iteration: 91
System used: oscillation
Number of floors: 20
Number of passengers: 268
traffic: moderate
Waiting Time Statistics:
Min: 0
Max: 79
Mean: 35.951492537313435
Std: 21.28638056983829

Total Service Time Statistics:
Min: 10
Max: 138
Mean: 64.98134328358209
Std: 27.17145634919845
