iteration: 49
System used: oscillation
Number of floors: 20
Number of passengers: 296
traffic: moderate
Waiting Time Statistics:
Min: 0
Max: 79
Mean: 40.817567567567565
Std: 24.344849359451832

Total Service Time Statistics:
Min: 6
Max: 146
Mean: 68.29054054054055
Std: 29.569281673552307
