iteration: 10
System used: oscillation
Number of floors: 40
Number of passengers: 780
traffic: moderate
Waiting Time Statistics:
Min: 0
Max: 2364
Mean: 328.35
Std: 456.6042202259118

Total Service Time Statistics:
Min: 10
Max: 2420
Mean: 385.95512820512823
Std: 451.42872527617965
