iteration: 96
System used: oscillation
Number of floors: 20
Number of passengers: 293
traffic: moderate
Waiting Time Statistics:
Min: 0
Max: 124
Mean: 38.83276450511946
Std: 24.49565277763733

Total Service Time Statistics:
Min: 4
Max: 146
Mean: 69.0580204778157
Std: 30.371332782283066
