iteration: 97
System used: oscillation
Number of floors: 40
Number of passengers: 778
traffic: moderate
Waiting Time Statistics:
Min: 0
Max: 3284
Mean: 267.1632390745501
Std: 419.22912996212455

Total Service Time Statistics:
Min: 4
Max: 3368
Mean: 321.61053984575835
Std: 417.6652902923865
