iteration: 29
System used: oscillation
Number of floors: 20
Number of passengers: 293
traffic: moderate
Waiting Time Statistics:
Min: 0
Max: 136
Mean: 38.50170648464164
Std: 23.84605658984639

Total Service Time Statistics:
Min: 6
Max: 152
Mean: 68.48122866894198
Std: 29.805714881228617
