iteration: 93
System used: oscillation
Number of floors: 20
Number of passengers: 264
traffic: moderate
Waiting Time Statistics:
Min: 0
Max: 79
Mean: 39.41287878787879
Std: 23.35117881686796

Total Service Time Statistics:
Min: 6
Max: 147
Mean: 69.67045454545455
Std: 31.12847959052446
