iteration: 12
System used: oscillation
Number of floors: 20
Number of passengers: 270
traffic: moderate
Waiting Time Statistics:
Min: 0
Max: 120
Mean: 39.233333333333334
Std: 23.586926944317693

Total Service Time Statistics:
Min: 8
Max: 152
Mean: 69.61851851851851
Std: 28.837946616971514
