iteration: 78
System used: Adaptive
Number of floors: 40
Number of passengers: 956
traffic: moderate
Waiting Time Statistics:
Min: 0
Max: 7379
Mean: 2353.1328451882846
Std: 2003.2403530721442

Total Service Time Statistics:
Min: 9
Max: 7449
Mean: 2412.8912133891213
Std: 2013.9512512976432
