iteration: 3
System used: Adaptive
Number of floors: 20
Number of passengers: 312
traffic: moderate
Waiting Time Statistics:
Min: 0
Max: 215
Mean: 33.89423076923077
Std: 36.502544051558424

Total Service Time Statistics:
Min: 5
Max: 249
Mean: 54.666666666666664
Std: 44.72227026508663
