iteration: 1
System used: Adaptive
Number of floors: 20
Number of passengers: 297
traffic: moderate
Waiting Time Statistics:
Min: 0
Max: 490
Mean: 43.25252525252525
Std: 65.90067414980558

Total Service Time Statistics:
Min: 5
Max: 514
Mean: 68.1986531986532
Std: 77.6892475659868
