iteration: 23
System used: Adaptive
Number of floors: 20
Number of passengers: 258
traffic: moderate
Waiting Time Statistics:
Min: 0
Max: 199
Mean: 32.50387596899225
Std: 35.96672133075473

Total Service Time Statistics:
Min: 4
Max: 236
Mean: 54.44186046511628
Std: 46.98735767990374
