iteration: 94
System used: Adaptive
Number of floors: 40
Number of passengers: 1035
traffic: moderate
Waiting Time Statistics:
Min: 0
Max: 7582
Mean: 2399.03961352657
Std: 1946.97241716641

Total Service Time Statistics:
Min: 4
Max: 7599
Mean: 2464.7690821256037
Std: 1951.112858019703
