iteration: 89
System used: Adaptive
Number of floors: 40
Number of passengers: 1085
traffic: moderate
Waiting Time Statistics:
Min: 0
Max: 7494
Mean: 2365.472811059908
Std: 2003.5759172371713

Total Service Time Statistics:
Min: 9
Max: 7560
Mean: 2421.8073732718894
Std: 2018.636029477028
