iteration: 85
System used: Adaptive
Number of floors: 5
Number of passengers: 120
traffic: moderate
Waiting Time Statistics:
Min: 0
Max: 79
Mean: 8.891666666666667
Std: 10.230778931001003

Total Service Time Statistics:
Min: 4
Max: 90
Mean: 20.108333333333334
Std: 11.34100601212021
