iteration: 63
System used: Adaptive
Number of floors: 40
Number of passengers: 998
traffic: moderate
Waiting Time Statistics:
Min: 0
Max: 8103
Mean: 2709.689378757515
Std: 2159.4688311261243

Total Service Time Statistics:
Min: 8
Max: 8116
Mean: 2781.2044088176353
Std: 2162.712109668905
