iteration: 59
System used: Adaptive
Number of floors: 20
Number of passengers: 284
traffic: moderate
Waiting Time Statistics:
Min: 0
Max: 372
Mean: 42.70422535211268
Std: 59.21289239002646

Total Service Time Statistics:
Min: 4
Max: 389
Mean: 64.6830985915493
Std: 69.2212992118015
