iteration: 48
System used: Adaptive
Number of floors: 40
Number of passengers: 1026
traffic: moderate
Waiting Time Statistics:
Min: 0
Max: 7296
Mean: 2281.6072124756333
Std: 2002.2500267124185

Total Service Time Statistics:
Min: 18
Max: 7340
Mean: 2338.911306042885
Std: 2013.2919696488477
