iteration: 72
System used: Adaptive
Number of floors: 20
Number of passengers: 277
traffic: moderate
Waiting Time Statistics:
Min: 0
Max: 382
Mean: 46.46570397111913
Std: 63.9041663660597

Total Service Time Statistics:
Min: 6
Max: 424
Mean: 70.62093862815884
Std: 76.20127805605792
