iteration: 35
System used: Adaptive
Number of floors: 20
Number of passengers: 286
traffic: moderate
Waiting Time Statistics:
Min: 0
Max: 286
Mean: 37.61188811188811
Std: 51.99507127723049

Total Service Time Statistics:
Min: 5
Max: 336
Mean: 60.56643356643357
Std: 65.8058878014816
