iteration: 79
System used: Adaptive
Number of floors: 20
Number of passengers: 284
traffic: moderate
Waiting Time Statistics:
Min: 0
Max: 238
Mean: 31.383802816901408
Std: 31.061955954977577

Total Service Time Statistics:
Min: 7
Max: 253
Mean: 51.63380281690141
Std: 39.46174582259814
