iteration: 92
System used: Adaptive
Number of floors: 40
Number of passengers: 1014
traffic: moderate
Waiting Time Statistics:
Min: 0
Max: 7561
Mean: 2414.766272189349
Std: 2023.16369974819

Total Service Time Statistics:
Min: 7
Max: 7607
Mean: 2482.158777120316
Std: 2027.3508186771724
