iteration: 61
System used: Adaptive
Number of floors: 40
Number of passengers: 955
traffic: moderate
Waiting Time Statistics:
Min: 0
Max: 7900
Mean: 2757.2586387434553
Std: 2138.373233331238

Total Service Time Statistics:
Min: 10
Max: 7958
Mean: 2828.648167539267
Std: 2140.7055513628043
