iteration: 27
System used: Adaptive
Number of floors: 20
Number of passengers: 295
traffic: moderate
Waiting Time Statistics:
Min: 0
Max: 712
Mean: 83.09830508474576
Std: 141.97223726341736

Total Service Time Statistics:
Min: 7
Max: 743
Mean: 111.36610169491526
Std: 155.3369659696503
