iteration: 92
System used: Adaptive
Number of floors: 5
Number of passengers: 141
traffic: moderate
Waiting Time Statistics:
Min: 0
Max: 73
Mean: 8.73758865248227
Std: 10.750179659675407

Total Service Time Statistics:
Min: 5
Max: 83
Mean: 19.80141843971631
Std: 12.899180404836374
