iteration: 87
System used: Adaptive
Number of floors: 5
Number of passengers: 138
traffic: moderate
Waiting Time Statistics:
Min: 0
Max: 53
Mean: 8.68840579710145
Std: 7.983377552639943

Total Service Time Statistics:
Min: 4
Max: 77
Mean: 20.043478260869566
Std: 11.458506268950694
