iteration: 75
System used: Adaptive
Number of floors: 40
Number of passengers: 1047
traffic: moderate
Waiting Time Statistics:
Min: 0
Max: 7732
Mean: 2505.740210124164
Std: 2007.2468610326398

Total Service Time Statistics:
Min: 7
Max: 7774
Mean: 2568.3944603629416
Std: 2016.6887751368038
