iteration: 41
System used: Adaptive
Number of floors: 5
Number of passengers: 149
traffic: moderate
Waiting Time Statistics:
Min: 0
Max: 38
Mean: 8.348993288590604
Std: 6.894892522628855

Total Service Time Statistics:
Min: 6
Max: 46
Mean: 19.053691275167786
Std: 8.29342399450876
