iteration: 95
System used: Adaptive
Number of floors: 5
Number of passengers: 150
traffic: moderate
Waiting Time Statistics:
Min: 0
Max: 45
Mean: 8.326666666666666
Std: 7.455907676743076

Total Service Time Statistics:
Min: 4
Max: 49
Mean: 19.186666666666667
Std: 8.761865716144051
