iteration: 96
System used: Adaptive
Number of floors: 40
Number of passengers: 967
traffic: moderate
Waiting Time Statistics:
Min: 0
Max: 8587
Mean: 3034.88728024819
Std: 2352.887930957506

Total Service Time Statistics:
Min: 13
Max: 8606
Mean: 3109.3753877973113
Std: 2351.29751518196
