iteration: 66
System used: Adaptive
Number of floors: 5
Number of passengers: 133
traffic: moderate
Waiting Time Statistics:
Min: 0
Max: 38
Mean: 8.406015037593985
Std: 7.446819123651266

Total Service Time Statistics:
Min: 6
Max: 57
Mean: 18.541353383458645
Std: 9.11252158678533
