iteration: 79
System used: Adaptive
Number of floors: 40
Number of passengers: 929
traffic: moderate
Waiting Time Statistics:
Min: 0
Max: 7427
Mean: 2493.2841765339076
Std: 2038.3893497414654

Total Service Time Statistics:
Min: 4
Max: 7487
Mean: 2559.4144241119484
Std: 2049.9979934406488
