iteration: 61
System used: Adaptive
Number of floors: 5
Number of passengers: 145
traffic: moderate
Waiting Time Statistics:
Min: 0
Max: 54
Mean: 8.124137931034483
Std: 6.980013887502789

Total Service Time Statistics:
Min: 4
Max: 68
Mean: 18.779310344827586
Std: 8.890904345263666
