iteration: 24
System used: Adaptive
Number of floors: 40
Number of passengers: 988
traffic: moderate
Waiting Time Statistics:
Min: 0
Max: 7542
Mean: 2368.2378542510123
Std: 2015.4778072190106

Total Service Time Statistics:
Min: 13
Max: 7560
Mean: 2432.835020242915
Std: 2023.3711845492749
