iteration: 33
System used: Adaptive
Number of floors: 40
Number of passengers: 910
traffic: moderate
Waiting Time Statistics:
Min: 0
Max: 8587
Mean: 3404.9835164835163
Std: 2262.373044351263

Total Service Time Statistics:
Min: 24
Max: 8695
Mean: 3492.976923076923
Std: 2251.96469227749
