iteration: 15
System used: Adaptive
Number of floors: 40
Number of passengers: 1141
traffic: moderate
Waiting Time Statistics:
Min: 0
Max: 8171
Mean: 2583.903593339176
Std: 2165.006002057088

Total Service Time Statistics:
Min: 11
Max: 8185
Mean: 2643.5723049956177
Std: 2176.227773103104
