iteration: 7
System used: Adaptive
Number of floors: 20
Number of passengers: 303
traffic: moderate
Waiting Time Statistics:
Min: 0
Max: 254
Mean: 32.805280528052805
Std: 36.35055186692927

Total Service Time Statistics:
Min: 6
Max: 278
Mean: 53.07590759075907
Std: 44.113236819201205
