iteration: 58
System used: Adaptive
Number of floors: 40
Number of passengers: 921
traffic: moderate
Waiting Time Statistics:
Min: 0
Max: 7972
Mean: 3006.1910966340934
Std: 2121.266412753751

Total Service Time Statistics:
Min: 20
Max: 8033
Mean: 3086.3789359391967
Std: 2115.0986596249186
