iteration: 33
System used: Adaptive
Number of floors: 5
Number of passengers: 138
traffic: moderate
Waiting Time Statistics:
Min: 0
Max: 55
Mean: 9.333333333333334
Std: 8.219021318595244

Total Service Time Statistics:
Min: 5
Max: 63
Mean: 20.956521739130434
Std: 10.747852995727666
