iteration: 85
System used: Adaptive
Number of floors: 40
Number of passengers: 1040
traffic: moderate
Waiting Time Statistics:
Min: 0
Max: 7484
Mean: 2353.228846153846
Std: 1957.1523497297203

Total Service Time Statistics:
Min: 17
Max: 7547
Mean: 2410.6942307692307
Std: 1969.9575902484946
