iteration: 14
System used: Adaptive
Number of floors: 20
Number of passengers: 310
traffic: moderate
Waiting Time Statistics:
Min: 0
Max: 1427
Mean: 191.23870967741937
Std: 297.12093326143895

Total Service Time Statistics:
Min: 6
Max: 1441
Mean: 230.26129032258063
Std: 311.6407141929088
