iteration: 37
System used: Adaptive
Number of floors: 20
Number of passengers: 315
traffic: moderate
Waiting Time Statistics:
Min: 0
Max: 666
Mean: 79.53650793650793
Std: 132.42351872914202

Total Service Time Statistics:
Min: 7
Max: 681
Mean: 105.2031746031746
Std: 142.77750938905618
