iteration: 52
System used: Adaptive
Number of floors: 20
Number of passengers: 322
traffic: moderate
Waiting Time Statistics:
Min: 0
Max: 194
Mean: 37.52173913043478
Std: 36.99862537760081

Total Service Time Statistics:
Min: 5
Max: 266
Mean: 62.922360248447205
Std: 49.2663009380554
