iteration: 6
System used: Adaptive
Number of floors: 5
Number of passengers: 131
traffic: moderate
Waiting Time Statistics:
Min: 0
Max: 60
Mean: 8.419847328244275
Std: 8.2898957945323

Total Service Time Statistics:
Min: 5
Max: 84
Mean: 19.85496183206107
Std: 11.901597913017707
