iteration: 27
System used: Adaptive
Number of floors: 5
Number of passengers: 123
traffic: moderate
Waiting Time Statistics:
Min: 0
Max: 47
Mean: 8.772357723577235
Std: 7.730939552395182

Total Service Time Statistics:
Min: 4
Max: 68
Mean: 19.51219512195122
Std: 9.653306452703761
