iteration: 33
System used: Adaptive
Number of floors: 20
Number of passengers: 293
traffic: moderate
Waiting Time Statistics:
Min: 0
Max: 313
Mean: 36.32081911262799
Std: 45.316990183889715

Total Service Time Statistics:
Min: 4
Max: 327
Mean: 58.737201365187715
Std: 57.28703158683673
