iteration: 67
System used: Adaptive
Number of floors: 20
Number of passengers: 318
traffic: moderate
Waiting Time Statistics:
Min: 0
Max: 262
Mean: 32.062893081761004
Std: 34.38668320017267

Total Service Time Statistics:
Min: 4
Max: 296
Mean: 53.9874213836478
Std: 42.5844845816373
