iteration: 73
System used: Adaptive
Number of floors: 20
Number of passengers: 265
traffic: moderate
Waiting Time Statistics:
Min: 0
Max: 434
Mean: 41.947169811320755
Std: 62.55425706686128

Total Service Time Statistics:
Min: 4
Max: 454
Mean: 62.758490566037736
Std: 70.64879374992215
