iteration: 74
System used: Adaptive
Number of floors: 20
Number of passengers: 300
traffic: moderate
Waiting Time Statistics:
Min: 0
Max: 241
Mean: 31.42
Std: 37.165861632727015

Total Service Time Statistics:
Min: 5
Max: 248
Mean: 53.88
Std: 44.75737939193318
