iteration: 60
System used: Adaptive
Number of floors: 5
Number of passengers: 121
traffic: moderate
Waiting Time Statistics:
Min: 0
Max: 59
Mean: 8.462809917355372
Std: 7.216926079610867

Total Service Time Statistics:
Min: 5
Max: 74
Mean: 19.074380165289256
Std: 9.532545383453641
