iteration: 73
System used: Adaptive
Number of floors: 5
Number of passengers: 147
traffic: moderate
Waiting Time Statistics:
Min: 0
Max: 36
Mean: 7.680272108843537
Std: 6.2075808653147835

Total Service Time Statistics:
Min: 4
Max: 63
Mean: 18.65986394557823
Std: 8.743292222353775
