iteration: 2
System used: Adaptive
Number of floors: 40
Number of passengers: 1002
traffic: moderate
Waiting Time Statistics:
Min: 0
Max: 7563
Mean: 2531.9560878243515
Std: 2000.288370835906

Total Service Time Statistics:
Min: 16
Max: 7600
Mean: 2594.7265469061877
Std: 2008.6040831162175
