iteration: 62
System used: Adaptive
Number of floors: 5
Number of passengers: 143
traffic: moderate
Waiting Time Statistics:
Min: 0
Max: 57
Mean: 8.713286713286713
Std: 7.8072035873183365

Total Service Time Statistics:
Min: 4
Max: 74
Mean: 19.286713286713287
Std: 9.85073270859025
