iteration: 19
System used: Adaptive
Number of floors: 5
Number of passengers: 120
traffic: moderate
Waiting Time Statistics:
Min: 0
Max: 67
Mean: 7.791666666666667
Std: 7.752360262259123

Total Service Time Statistics:
Min: 7
Max: 74
Mean: 18.491666666666667
Std: 9.338630199638608
