iteration: 90
System used: Adaptive
Number of floors: 5
Number of passengers: 128
traffic: moderate
Waiting Time Statistics:
Min: 0
Max: 53
Mean: 8.1640625
Std: 7.85476167709352

Total Service Time Statistics:
Min: 4
Max: 62
Mean: 19.3203125
Std: 9.538924479024637
