iteration: 81
System used: Adaptive
Number of floors: 5
Number of passengers: 115
traffic: moderate
Waiting Time Statistics:
Min: 0
Max: 46
Mean: 8.321739130434782
Std: 7.322816812654882

Total Service Time Statistics:
Min: 4
Max: 55
Mean: 19.547826086956523
Std: 8.837959872410094
