iteration: 75
System used: Adaptive
Number of floors: 20
Number of passengers: 255
traffic: moderate
Waiting Time Statistics:
Min: 0
Max: 164
Mean: 31.780392156862746
Std: 31.12950482599666

Total Service Time Statistics:
Min: 5
Max: 202
Mean: 54.10980392156863
Std: 42.20184557156762
