iteration: 26
System used: Adaptive
Number of floors: 5
Number of passengers: 126
traffic: moderate
Waiting Time Statistics:
Min: 0
Max: 64
Mean: 9.825396825396826
Std: 9.041309077853153

Total Service Time Statistics:
Min: 5
Max: 88
Mean: 21.19047619047619
Std: 11.360784681148948
