iteration: 3
System used: Adaptive
Number of floors: 5
Number of passengers: 124
traffic: moderate
Waiting Time Statistics:
Min: 0
Max: 51
Mean: 8.258064516129032
Std: 7.132737952216584

Total Service Time Statistics:
Min: 7
Max: 65
Mean: 18.943548387096776
Std: 8.677887438542497
