iteration: 51
System used: Adaptive
Number of floors: 40
Number of passengers: 1057
traffic: moderate
Waiting Time Statistics:
Min: 0
Max: 7882
Mean: 2614.692526017029
Std: 2189.7058166598913

Total Service Time Statistics:
Min: 14
Max: 7908
Mean: 2674.4550614947966
Std: 2198.1170079845883
