iteration: 5
System used: Adaptive
Number of floors: 40
Number of passengers: 1450
traffic: moderate
Waiting Time Statistics:
Min: 0
Max: 14773
Mean: 5359.028965517241
Std: 4587.181083687076

Total Service Time Statistics:
Min: 17
Max: 14842
Mean: 5427.77724137931
Std: 4597.125520185736
