iteration: 18
System used: Adaptive
Number of floors: 20
Number of passengers: 319
traffic: moderate
Waiting Time Statistics:
Min: 0
Max: 169
Mean: 30.4858934169279
Std: 26.1096915980847

Total Service Time Statistics:
Min: 7
Max: 193
Mean: 51.82131661442006
Std: 35.3357131799265
