iteration: 83
System used: Adaptive
Number of floors: 5
Number of passengers: 128
traffic: moderate
Waiting Time Statistics:
Min: 0
Max: 83
Mean: 9.3359375
Std: 11.467363716662875

Total Service Time Statistics:
Min: 4
Max: 90
Mean: 20.171875
Std: 12.761352441717621
