iteration: 69
System used: Adaptive
Number of floors: 5
Number of passengers: 162
traffic: moderate
Waiting Time Statistics:
Min: 0
Max: 65
Mean: 8.709876543209877
Std: 8.925281350726861

Total Service Time Statistics:
Min: 4
Max: 75
Mean: 19.314814814814813
Std: 11.244583083567724
