iteration: 37
System used: Adaptive
Number of floors: 5
Number of passengers: 139
traffic: moderate
Waiting Time Statistics:
Min: 0
Max: 133
Mean: 9.928057553956835
Std: 13.550571028007248

Total Service Time Statistics:
Min: 4
Max: 140
Mean: 20.805755395683452
Std: 15.128856053118064
