iteration: 67
System used: Adaptive
Number of floors: 5
Number of passengers: 154
traffic: moderate
Waiting Time Statistics:
Min: 0
Max: 87
Mean: 9.220779220779221
Std: 10.589331635513435

Total Service Time Statistics:
Min: 4
Max: 102
Mean: 19.818181818181817
Std: 11.986078278135928
