iteration: 48
System used: Adaptive
Number of floors: 20
Number of passengers: 295
traffic: moderate
Waiting Time Statistics:
Min: 0
Max: 190
Mean: 27.54915254237288
Std: 31.263366517604382

Total Service Time Statistics:
Min: 4
Max: 221
Mean: 47.616949152542375
Std: 37.742581162892684
