iteration: 32
System used: Adaptive
Number of floors: 5
Number of passengers: 134
traffic: moderate
Waiting Time Statistics:
Min: 0
Max: 41
Mean: 8.186567164179104
Std: 7.714031654565304

Total Service Time Statistics:
Min: 6
Max: 59
Mean: 19.28358208955224
Std: 9.946179937183658
