iteration: 97
System used: Adaptive
Number of floors: 40
Number of passengers: 1021
traffic: moderate
Waiting Time Statistics:
Min: 0
Max: 7863
Mean: 2630.476983349657
Std: 2065.527828071639

Total Service Time Statistics:
Min: 11
Max: 7954
Mean: 2698.0989226248776
Std: 2077.260657270516
