iteration: 27
System used: Adaptive
Number of floors: 40
Number of passengers: 958
traffic: moderate
Waiting Time Statistics:
Min: 0
Max: 7527
Mean: 2471.027139874739
Std: 2118.1824673006568

Total Service Time Statistics:
Min: 14
Max: 7591
Mean: 2533.2901878914404
Std: 2127.6841471465086
