iteration: 98
System used: Adaptive
Number of floors: 40
Number of passengers: 1115
traffic: moderate
Waiting Time Statistics:
Min: 0
Max: 8337
Mean: 2630.6932735426008
Std: 2274.4344085737985

Total Service Time Statistics:
Min: 11
Max: 8364
Mean: 2696.3533632286994
Std: 2284.0228634039468
