iteration: 35
System used: Adaptive
Number of floors: 5
Number of passengers: 146
traffic: moderate
Waiting Time Statistics:
Min: 0
Max: 49
Mean: 8.383561643835616
Std: 7.363713712591046

Total Service Time Statistics:
Min: 5
Max: 63
Mean: 18.95205479452055
Std: 9.562377565972714
