iteration: 43
System used: Adaptive
Number of floors: 20
Number of passengers: 286
traffic: moderate
Waiting Time Statistics:
Min: 0
Max: 253
Mean: 33.26923076923077
Std: 39.249729878644494

Total Service Time Statistics:
Min: 4
Max: 279
Mean: 55.37412587412587
Std: 49.43416563156865
