iteration: 65
System used: Adaptive
Number of floors: 5
Number of passengers: 133
traffic: moderate
Waiting Time Statistics:
Min: 0
Max: 42
Mean: 8.654135338345865
Std: 7.686120029166659

Total Service Time Statistics:
Min: 6
Max: 58
Mean: 20.06766917293233
Std: 9.11890767043101
