iteration: 21
System used: Adaptive
Number of floors: 20
Number of passengers: 301
traffic: moderate
Waiting Time Statistics:
Min: 0
Max: 356
Mean: 36.98006644518272
Std: 47.49196003531093

Total Service Time Statistics:
Min: 4
Max: 392
Mean: 58.9734219269103
Std: 55.925360597121326
