iteration: 59
System used: Adaptive
Number of floors: 5
Number of passengers: 128
traffic: moderate
Waiting Time Statistics:
Min: 0
Max: 44
Mean: 8.015625
Std: 7.642591363922679

Total Service Time Statistics:
Min: 5
Max: 62
Mean: 18.5546875
Std: 10.114936794576016
