iteration: 93
System used: Adaptive
Number of floors: 5
Number of passengers: 136
traffic: moderate
Waiting Time Statistics:
Min: 0
Max: 52
Mean: 8.860294117647058
Std: 7.8581618754644005

Total Service Time Statistics:
Min: 5
Max: 64
Mean: 18.941176470588236
Std: 9.047008677627755
