iteration: 24
System used: Adaptive
Number of floors: 20
Number of passengers: 296
traffic: moderate
Waiting Time Statistics:
Min: 0
Max: 263
Mean: 38.435810810810814
Std: 49.083283785184626

Total Service Time Statistics:
Min: 5
Max: 330
Mean: 62.11486486486486
Std: 61.366697052231196
