iteration: 31
System used: Adaptive
Number of floors: 5
Number of passengers: 129
traffic: moderate
Waiting Time Statistics:
Min: 0
Max: 54
Mean: 9.046511627906977
Std: 7.2466160908000266

Total Service Time Statistics:
Min: 4
Max: 61
Mean: 19.03875968992248
Std: 8.574492605957067
