iteration: 60
System used: Adaptive
Number of floors: 40
Number of passengers: 961
traffic: moderate
Waiting Time Statistics:
Min: 0
Max: 7129
Mean: 2233.639958376691
Std: 1904.6933533340734

Total Service Time Statistics:
Min: 16
Max: 7145
Mean: 2303.585848074922
Std: 1907.7899613513139
