iteration: 36
System used: Adaptive
Number of floors: 20
Number of passengers: 276
traffic: moderate
Waiting Time Statistics:
Min: 0
Max: 244
Mean: 35.60507246376812
Std: 38.475869788670536

Total Service Time Statistics:
Min: 5
Max: 264
Mean: 57.55434782608695
Std: 49.72243630331039
