iteration: 53
System used: Adaptive
Number of floors: 20
Number of passengers: 293
traffic: moderate
Waiting Time Statistics:
Min: 0
Max: 215
Mean: 34.55972696245734
Std: 37.40449961844186

Total Service Time Statistics:
Min: 4
Max: 238
Mean: 56.40955631399317
Std: 47.82655783549041
