iteration: 10
System used: Adaptive
Number of floors: 40
Number of passengers: 992
traffic: moderate
Waiting Time Statistics:
Min: 0
Max: 7577
Mean: 2261.5685483870966
Std: 1978.5870585019381

Total Service Time Statistics:
Min: 7
Max: 7599
Mean: 2325.767137096774
Std: 1987.2075827657472
