iteration: 40
System used: Adaptive
Number of floors: 20
Number of passengers: 294
traffic: moderate
Waiting Time Statistics:
Min: 0
Max: 159
Mean: 28.27891156462585
Std: 26.8286898325034

Total Service Time Statistics:
Min: 5
Max: 171
Mean: 47.2108843537415
Std: 32.39922286442473
