iteration: 49
System used: Adaptive
Number of floors: 40
Number of passengers: 925
traffic: moderate
Waiting Time Statistics:
Min: 0
Max: 7346
Mean: 2225.8583783783783
Std: 1928.1555955068513

Total Service Time Statistics:
Min: 5
Max: 7350
Mean: 2289.654054054054
Std: 1933.1841707919446
