iteration: 36
System used: Adaptive
Number of floors: 5
Number of passengers: 133
traffic: moderate
Waiting Time Statistics:
Min: 0
Max: 44
Mean: 8.68421052631579
Std: 7.382789590470602

Total Service Time Statistics:
Min: 6
Max: 54
Mean: 19.736842105263158
Std: 8.816216752720011
