iteration: 12
System used: Adaptive
Number of floors: 5
Number of passengers: 140
traffic: moderate
Waiting Time Statistics:
Min: 0
Max: 53
Mean: 8.771428571428572
Std: 7.944359437070107

Total Service Time Statistics:
Min: 5
Max: 61
Mean: 18.678571428571427
Std: 9.09048665280299
