iteration: 25
System used: Adaptive
Number of floors: 40
Number of passengers: 1099
traffic: moderate
Waiting Time Statistics:
Min: 0
Max: 7371
Mean: 2352.302092811647
Std: 1931.172272433324

Total Service Time Statistics:
Min: 4
Max: 7422
Mean: 2414.725204731574
Std: 1938.1006506549295
