iteration: 53
System used: Adaptive
Number of floors: 5
Number of passengers: 150
traffic: moderate
Waiting Time Statistics:
Min: 0
Max: 64
Mean: 8.06
Std: 8.56419109592475

Total Service Time Statistics:
Min: 5
Max: 82
Mean: 19.486666666666668
Std: 10.164246236981647
