iteration: 86
System used: Adaptive
Number of floors: 20
Number of passengers: 262
traffic: moderate
Waiting Time Statistics:
Min: 0
Max: 219
Mean: 36.44274809160305
Std: 38.36189047342322

Total Service Time Statistics:
Min: 5
Max: 249
Mean: 58.3206106870229
Std: 49.56257195797282
