iteration: 41
System used: Adaptive
Number of floors: 40
Number of passengers: 1028
traffic: moderate
Waiting Time Statistics:
Min: 0
Max: 8009
Mean: 2706.4591439688716
Std: 2130.229001793431

Total Service Time Statistics:
Min: 22
Max: 8056
Mean: 2775.6206225680935
Std: 2132.2690822653717
