iteration: 65
System used: Adaptive
Number of floors: 40
Number of passengers: 1034
traffic: moderate
Waiting Time Statistics:
Min: 0
Max: 7663
Mean: 2482.631528046422
Std: 2051.3475486507537

Total Service Time Statistics:
Min: 11
Max: 7732
Mean: 2546.685686653772
Std: 2058.9786796235644
