iteration: 47
System used: Adaptive
Number of floors: 20
Number of passengers: 316
traffic: moderate
Waiting Time Statistics:
Min: 0
Max: 251
Mean: 38.825949367088604
Std: 46.37135908662032

Total Service Time Statistics:
Min: 5
Max: 291
Mean: 61.05379746835443
Std: 56.02488351469408
