iteration: 91
System used: Adaptive
Number of floors: 40
Number of passengers: 1114
traffic: moderate
Waiting Time Statistics:
Min: 0
Max: 7809
Mean: 2454.505385996409
Std: 2062.1320774438086

Total Service Time Statistics:
Min: 19
Max: 7869
Mean: 2512.0736086175943
Std: 2074.7361650352136
