iteration: 55
System used: Adaptive
Number of floors: 40
Number of passengers: 910
traffic: moderate
Waiting Time Statistics:
Min: 0
Max: 7840
Mean: 2917.3835164835164
Std: 2090.9151556882575

Total Service Time Statistics:
Min: 18
Max: 7923
Mean: 2995.0857142857144
Std: 2088.3219942625915
