iteration: 70
System used: Adaptive
Number of floors: 20
Number of passengers: 259
traffic: moderate
Waiting Time Statistics:
Min: 0
Max: 197
Mean: 31.25096525096525
Std: 32.2210561937838

Total Service Time Statistics:
Min: 7
Max: 210
Mean: 51.35521235521235
Std: 41.18653541474731
