iteration: 37
System used: Adaptive
Number of floors: 40
Number of passengers: 874
traffic: moderate
Waiting Time Statistics:
Min: 0
Max: 7066
Mean: 2245.879862700229
Std: 1822.5388955087171

Total Service Time Statistics:
Min: 19
Max: 7085
Mean: 2318.110983981693
Std: 1824.9983527851325
