iteration: 97
System used: Adaptive
Number of floors: 20
Number of passengers: 287
traffic: moderate
Waiting Time Statistics:
Min: 0
Max: 330
Mean: 39.055749128919864
Std: 51.073480179747975

Total Service Time Statistics:
Min: 5
Max: 351
Mean: 62.69337979094077
Std: 63.27482009549686
