iteration: 95
System used: Adaptive
Number of floors: 40
Number of passengers: 1011
traffic: moderate
Waiting Time Statistics:
Min: 0
Max: 7536
Mean: 2326.790306627102
Std: 1995.0193491567709

Total Service Time Statistics:
Min: 12
Max: 7562
Mean: 2392.8842729970324
Std: 2003.7365534677735
