iteration: 6
System used: Adaptive
Number of floors: 40
Number of passengers: 1004
traffic: moderate
Waiting Time Statistics:
Min: 0
Max: 7928
Mean: 2556.688247011952
Std: 2085.9259541419074

Total Service Time Statistics:
Min: 4
Max: 7986
Mean: 2623.1683266932273
Std: 2092.3774778998936
