iteration: 54
System used: Adaptive
Number of floors: 40
Number of passengers: 1069
traffic: moderate
Waiting Time Statistics:
Min: 0
Max: 7646
Mean: 2378.9354536950423
Std: 1981.1336496977444

Total Service Time Statistics:
Min: 14
Max: 7670
Mean: 2439.1945743685687
Std: 1991.6823228652659
