iteration: 8
System used: Adaptive
Number of floors: 20
Number of passengers: 293
traffic: moderate
Waiting Time Statistics:
Min: 0
Max: 248
Mean: 34.13993174061434
Std: 41.92807208497009

Total Service Time Statistics:
Min: 5
Max: 282
Mean: 57.20477815699659
Std: 52.61939174914446
