iteration: 8
System used: Adaptive
Number of floors: 40
Number of passengers: 1007
traffic: moderate
Waiting Time Statistics:
Min: 0
Max: 7433
Mean: 2500.2472691161865
Std: 2008.9450945885906

Total Service Time Statistics:
Min: 13
Max: 7463
Mean: 2565.2711022840117
Std: 2017.127585654469
