iteration: 51
System used: Adaptive
Number of floors: 20
Number of passengers: 285
traffic: moderate
Waiting Time Statistics:
Min: 0
Max: 521
Mean: 62.51929824561404
Std: 102.01403424335496

Total Service Time Statistics:
Min: 4
Max: 572
Mean: 84.82105263157895
Std: 111.24968545111744
