iteration: 82
System used: Adaptive
Number of floors: 40
Number of passengers: 1003
traffic: moderate
Waiting Time Statistics:
Min: 0
Max: 7286
Mean: 2290.56630109671
Std: 1967.0500589644466

Total Service Time Statistics:
Min: 15
Max: 7310
Mean: 2351.692921236291
Std: 1974.3970482179407
