iteration: 9
System used: Adaptive
Number of floors: 20
Number of passengers: 321
traffic: moderate
Waiting Time Statistics:
Min: 0
Max: 184
Mean: 34.809968847352025
Std: 30.97405204863462

Total Service Time Statistics:
Min: 4
Max: 204
Mean: 56.230529595015575
Std: 39.172173669981
