iteration: 13
System used: Adaptive
Number of floors: 40
Number of passengers: 1022
traffic: moderate
Waiting Time Statistics:
Min: 0
Max: 7677
Mean: 2404.8238747553814
Std: 2030.3064006707843

Total Service Time Statistics:
Min: 11
Max: 7703
Mean: 2463.5019569471624
Std: 2041.3076265342759
