iteration: 77
System used: Adaptive
Number of floors: 40
Number of passengers: 920
traffic: moderate
Waiting Time Statistics:
Min: 0
Max: 7922
Mean: 3061.0358695652176
Std: 2119.751918424697

Total Service Time Statistics:
Min: 14
Max: 8019
Mean: 3147.961956521739
Std: 2105.648260777631
