iteration: 64
System used: Adaptive
Number of floors: 40
Number of passengers: 980
traffic: moderate
Waiting Time Statistics:
Min: 0
Max: 8346
Mean: 2936.374489795918
Std: 2230.6387322450655

Total Service Time Statistics:
Min: 9
Max: 8408
Mean: 3006.776530612245
Std: 2235.561532761335
