iteration: 30
System used: Adaptive
Number of floors: 20
Number of passengers: 269
traffic: moderate
Waiting Time Statistics:
Min: 0
Max: 244
Mean: 35.83271375464684
Std: 45.65197156647852

Total Service Time Statistics:
Min: 6
Max: 289
Mean: 56.814126394052046
Std: 57.06597080205488
