iteration: 9
System used: Adaptive
Number of floors: 5
Number of passengers: 139
traffic: moderate
Waiting Time Statistics:
Min: 0
Max: 41
Mean: 8.028776978417266
Std: 6.886178602080839

Total Service Time Statistics:
Min: 5
Max: 48
Mean: 19.194244604316548
Std: 8.214407365995296
