iteration: 19
System used: Adaptive
Number of floors: 40
Number of passengers: 946
traffic: moderate
Waiting Time Statistics:
Min: 0
Max: 7307
Mean: 2375.7854122621566
Std: 1997.0751421054601

Total Service Time Statistics:
Min: 9
Max: 7324
Mean: 2443.3298097251586
Std: 2003.2391587349912
