iteration: 15
System used: Adaptive
Number of floors: 5
Number of passengers: 115
traffic: moderate
Waiting Time Statistics:
Min: 0
Max: 40
Mean: 8.904347826086957
Std: 7.266812222560575

Total Service Time Statistics:
Min: 4
Max: 55
Mean: 19.678260869565218
Std: 8.696185719710739
