iteration: 62
System used: Adaptive
Number of floors: 40
Number of passengers: 1049
traffic: moderate
Waiting Time Statistics:
Min: 0
Max: 8157
Mean: 2709.0619637750237
Std: 2048.1741899502103

Total Service Time Statistics:
Min: 11
Max: 8245
Mean: 2782.0095328884654
Std: 2048.7112500712683
