iteration: 70
System used: Adaptive
Number of floors: 5
Number of passengers: 147
traffic: moderate
Waiting Time Statistics:
Min: 0
Max: 63
Mean: 9.129251700680273
Std: 8.575428507879188

Total Service Time Statistics:
Min: 4
Max: 70
Mean: 19.448979591836736
Std: 10.191443949389766
