iteration: 57
System used: Adaptive
Number of floors: 5
Number of passengers: 139
traffic: moderate
Waiting Time Statistics:
Min: 0
Max: 67
Mean: 9.453237410071942
Std: 9.622003031686218

Total Service Time Statistics:
Min: 4
Max: 77
Mean: 20.172661870503596
Std: 11.329663551775672
