iteration: 29
System used: Adaptive
Number of floors: 20
Number of passengers: 280
traffic: moderate
Waiting Time Statistics:
Min: 0
Max: 313
Mean: 36.41428571428571
Std: 46.17164263611765

Total Service Time Statistics:
Min: 6
Max: 329
Mean: 58.775
Std: 56.337272401570395
