iteration: 83
System used: Adaptive
Number of floors: 20
Number of passengers: 289
traffic: moderate
Waiting Time Statistics:
Min: 0
Max: 259
Mean: 30.155709342560552
Std: 33.55323263733653

Total Service Time Statistics:
Min: 7
Max: 284
Mean: 51.733564013840834
Std: 43.44634639850284
