iteration: 55
System used: Adaptive
Number of floors: 20
Number of passengers: 293
traffic: moderate
Waiting Time Statistics:
Min: 0
Max: 289
Mean: 39.37883959044368
Std: 51.16769866155865

Total Service Time Statistics:
Min: 8
Max: 316
Mean: 61.70307167235495
Std: 59.83313461103163
