iteration: 11
System used: Adaptive
Number of floors: 5
Number of passengers: 135
traffic: moderate
Waiting Time Statistics:
Min: 0
Max: 63
Mean: 8.244444444444444
Std: 7.089477873398925

Total Service Time Statistics:
Min: 4
Max: 79
Mean: 18.533333333333335
Std: 9.131542839348983
