iteration: 86
System used: Adaptive
Number of floors: 5
Number of passengers: 129
traffic: moderate
Waiting Time Statistics:
Min: 0
Max: 84
Mean: 9.682170542635658
Std: 10.521543743763933

Total Service Time Statistics:
Min: 5
Max: 95
Mean: 21.248062015503876
Std: 12.172606930979248
