iteration: 84
System used: Adaptive
Number of floors: 40
Number of passengers: 1047
traffic: moderate
Waiting Time Statistics:
Min: 0
Max: 8045
Mean: 2632.986628462273
Std: 2158.5402319390355

Total Service Time Statistics:
Min: 15
Max: 8086
Mean: 2696.14517669532
Std: 2170.0905242181216
