iteration: 34
System used: Adaptive
Number of floors: 5
Number of passengers: 140
traffic: moderate
Waiting Time Statistics:
Min: 0
Max: 65
Mean: 9.107142857142858
Std: 9.678795653550395

Total Service Time Statistics:
Min: 4
Max: 73
Mean: 20.32857142857143
Std: 11.846404825811904
