iteration: 0
System used: Adaptive
Number of floors: 20
Number of passengers: 328
traffic: moderate
Waiting Time Statistics:
Min: 0
Max: 307
Mean: 37.2469512195122
Std: 39.32671108475498

Total Service Time Statistics:
Min: 6
Max: 355
Mean: 59.72560975609756
Std: 50.82383392098912
