iteration: 93
System used: Adaptive
Number of floors: 40
Number of passengers: 997
traffic: moderate
Waiting Time Statistics:
Min: 0
Max: 7352
Mean: 2223.5356068204615
Std: 1983.8458674223439

Total Service Time Statistics:
Min: 10
Max: 7409
Mean: 2287.4042126379136
Std: 1991.4851373564286
