iteration: 84
System used: Adaptive
Number of floors: 5
Number of passengers: 136
traffic: moderate
Waiting Time Statistics:
Min: 0
Max: 46
Mean: 7.985294117647059
Std: 6.9303255165039594

Total Service Time Statistics:
Min: 5
Max: 52
Mean: 19.08823529411765
Std: 8.189849714385884
