iteration: 50
System used: Adaptive
Number of floors: 40
Number of passengers: 993
traffic: moderate
Waiting Time Statistics:
Min: 0
Max: 7193
Mean: 2354.8539778449144
Std: 1935.7841949510191

Total Service Time Statistics:
Min: 13
Max: 7231
Mean: 2421.8509566968783
Std: 1939.5419562208806
