iteration: 6
System used: Adaptive
Number of floors: 20
Number of passengers: 291
traffic: moderate
Waiting Time Statistics:
Min: 0
Max: 319
Mean: 43.07560137457045
Std: 54.820973106189165

Total Service Time Statistics:
Min: 8
Max: 358
Mean: 66.5807560137457
Std: 67.9839446622529
