iteration: 76
System used: Adaptive
Number of floors: 5
Number of passengers: 129
traffic: moderate
Waiting Time Statistics:
Min: 0
Max: 50
Mean: 8.86046511627907
Std: 8.49976487362896

Total Service Time Statistics:
Min: 4
Max: 61
Mean: 19.92248062015504
Std: 10.815651566061547
