iteration: 73
System used: Adaptive
Number of floors: 40
Number of passengers: 964
traffic: moderate
Waiting Time Statistics:
Min: 0
Max: 7635
Mean: 2442.7396265560164
Std: 2031.1209678218356

Total Service Time Statistics:
Min: 6
Max: 7691
Mean: 2506.0653526970955
Std: 2038.4985360040193
