iteration: 43
System used: Adaptive
Number of floors: 5
Number of passengers: 136
traffic: moderate
Waiting Time Statistics:
Min: 0
Max: 50
Mean: 9.25
Std: 7.423436361107126

Total Service Time Statistics:
Min: 4
Max: 58
Mean: 19.926470588235293
Std: 8.989403105419242
