iteration: 8
System used: Adaptive
Number of floors: 5
Number of passengers: 128
traffic: moderate
Waiting Time Statistics:
Min: 0
Max: 51
Mean: 8.046875
Std: 7.936618386776754

Total Service Time Statistics:
Min: 5
Max: 63
Mean: 18.5703125
Std: 9.877743688414665
