iteration: 14
System used: Adaptive
Number of floors: 40
Number of passengers: 973
traffic: moderate
Waiting Time Statistics:
Min: 0
Max: 7611
Mean: 2496.2528263103804
Std: 2028.6754704506475

Total Service Time Statistics:
Min: 12
Max: 7629
Mean: 2560.70914696814
Std: 2034.960083603777
