iteration: 52
System used: Adaptive
Number of floors: 5
Number of passengers: 131
traffic: moderate
Waiting Time Statistics:
Min: 0
Max: 50
Mean: 8.587786259541986
Std: 7.1970829870993125

Total Service Time Statistics:
Min: 4
Max: 61
Mean: 19.64885496183206
Std: 9.548196498350347
