iteration: 12
System used: Adaptive
Number of floors: 40
Number of passengers: 971
traffic: moderate
Waiting Time Statistics:
Min: 0
Max: 7889
Mean: 2949.536560247168
Std: 2136.2802331357916

Total Service Time Statistics:
Min: 15
Max: 7932
Mean: 3021.634397528321
Std: 2134.4232527470126
