iteration: 40
System used: Adaptive
Number of floors: 40
Number of passengers: 949
traffic: moderate
Waiting Time Statistics:
Min: 0
Max: 8537
Mean: 3084.599578503688
Std: 2279.1394764242937

Total Service Time Statistics:
Min: 21
Max: 8561
Mean: 3168.245521601686
Std: 2271.6909355220823
