iteration: 30
System used: Adaptive
Number of floors: 5
Number of passengers: 150
traffic: moderate
Waiting Time Statistics:
Min: 0
Max: 72
Mean: 8.526666666666667
Std: 9.740730693941886

Total Service Time Statistics:
Min: 4
Max: 80
Mean: 18.706666666666667
Std: 10.68998569612912
