iteration: 35
System used: Adaptive
Number of floors: 40
Number of passengers: 1012
traffic: moderate
Waiting Time Statistics:
Min: 0
Max: 7575
Mean: 2344.333003952569
Std: 2016.756868304477

Total Service Time Statistics:
Min: 5
Max: 7645
Mean: 2407.6887351778655
Std: 2025.6831837631453
