iteration: 16
System used: Adaptive
Number of floors: 40
Number of passengers: 924
traffic: moderate
Waiting Time Statistics:
Min: 0
Max: 7091
Mean: 2300.0400432900433
Std: 1990.1128605545825

Total Service Time Statistics:
Min: 9
Max: 7143
Mean: 2369.930735930736
Std: 1995.1989866378526
