iteration: 47
System used: Adaptive
Number of floors: 40
Number of passengers: 973
traffic: moderate
Waiting Time Statistics:
Min: 0
Max: 8205
Mean: 2921.6217882836586
Std: 2274.733490656994

Total Service Time Statistics:
Min: 12
Max: 8223
Mean: 2997.224049331963
Std: 2278.4549316754496
