iteration: 16
System used: Adaptive
Number of floors: 20
Number of passengers: 313
traffic: moderate
Waiting Time Statistics:
Min: 0
Max: 359
Mean: 41.17891373801917
Std: 51.48587000677676

Total Service Time Statistics:
Min: 4
Max: 385
Mean: 63.587859424920126
Std: 59.93125960444222
