iteration: 30
System used: Adaptive
Number of floors: 40
Number of passengers: 1036
traffic: moderate
Waiting Time Statistics:
Min: 0
Max: 8494
Mean: 2981.368725868726
Std: 2312.04359175818

Total Service Time Statistics:
Min: 11
Max: 8573
Mean: 3055.0550193050194
Std: 2316.6883201707046
