iteration: 82
System used: Adaptive
Number of floors: 20
Number of passengers: 288
traffic: moderate
Waiting Time Statistics:
Min: 0
Max: 331
Mean: 42.36805555555556
Std: 53.16921203479589

Total Service Time Statistics:
Min: 6
Max: 363
Mean: 65.92013888888889
Std: 64.50057837286116
