iteration: 29
System used: Adaptive
Number of floors: 5
Number of passengers: 151
traffic: moderate
Waiting Time Statistics:
Min: 0
Max: 44
Mean: 8.927152317880795
Std: 7.858837350607993

Total Service Time Statistics:
Min: 5
Max: 53
Mean: 20.158940397350992
Std: 9.828592788547633
