iteration: 48
System used: Adaptive
Number of floors: 5
Number of passengers: 116
traffic: moderate
Waiting Time Statistics:
Min: 0
Max: 57
Mean: 9.094827586206897
Std: 8.812025822729401

Total Service Time Statistics:
Min: 5
Max: 69
Mean: 19.81896551724138
Std: 10.876859471557863
