iteration: 77
System used: Adaptive
Number of floors: 5
Number of passengers: 128
traffic: moderate
Waiting Time Statistics:
Min: 0
Max: 55
Mean: 8.3515625
Std: 8.285828755730554

Total Service Time Statistics:
Min: 5
Max: 66
Mean: 19.71875
Std: 10.167833718137066
