iteration: 92
System used: Adaptive
Number of floors: 20
Number of passengers: 269
traffic: moderate
Waiting Time Statistics:
Min: 0
Max: 243
Mean: 31.75092936802974
Std: 40.248218291318054

Total Service Time Statistics:
Min: 5
Max: 263
Mean: 52.531598513011154
Std: 50.29135193945285
