iteration: 68
System used: Adaptive
Number of floors: 40
Number of passengers: 1014
traffic: moderate
Waiting Time Statistics:
Min: 0
Max: 7657
Mean: 2505.5473372781066
Std: 2115.1564851777625

Total Service Time Statistics:
Min: 19
Max: 7756
Mean: 2568.976331360947
Std: 2126.8508514598134
