iteration: 2
System used: Adaptive
Number of floors: 5
Number of passengers: 136
traffic: moderate
Waiting Time Statistics:
Min: 0
Max: 59
Mean: 10.257352941176471
Std: 11.286173989069407

Total Service Time Statistics:
Min: 7
Max: 70
Mean: 21.5
Std: 12.595119572161156
