iteration: 94
System used: Adaptive
Number of floors: 20
Number of passengers: 291
traffic: moderate
Waiting Time Statistics:
Min: 0
Max: 249
Mean: 30.374570446735394
Std: 36.598952869009125

Total Service Time Statistics:
Min: 6
Max: 280
Mean: 51.013745704467354
Std: 44.13513515592382
