iteration: 20
System used: Adaptive
Number of floors: 20
Number of passengers: 293
traffic: moderate
Waiting Time Statistics:
Min: 0
Max: 698
Mean: 93.6962457337884
Std: 161.86634057729427

Total Service Time Statistics:
Min: 4
Max: 711
Mean: 120.6382252559727
Std: 174.33110572768348
