iteration: 51
System used: Adaptive
Number of floors: 5
Number of passengers: 136
traffic: moderate
Waiting Time Statistics:
Min: 0
Max: 71
Mean: 9.580882352941176
Std: 10.058757118612709

Total Service Time Statistics:
Min: 4
Max: 78
Mean: 21.03676470588235
Std: 11.466801089803358
