iteration: 87
System used: Adaptive
Number of floors: 40
Number of passengers: 893
traffic: moderate
Waiting Time Statistics:
Min: 0
Max: 8957
Mean: 3938.1086226203806
Std: 2310.683831591426

Total Service Time Statistics:
Min: 21
Max: 9075
Mean: 4037.838745800672
Std: 2284.466266809853
