iteration: 1
System used: Adaptive
Number of floors: 5
Number of passengers: 133
traffic: moderate
Waiting Time Statistics:
Min: 0
Max: 59
Mean: 8.992481203007518
Std: 9.971547584063115

Total Service Time Statistics:
Min: 4
Max: 84
Mean: 20.398496240601503
Std: 12.050361398845629
