iteration: 76
System used: Adaptive
Number of floors: 40
Number of passengers: 895
traffic: moderate
Waiting Time Statistics:
Min: 0
Max: 7644
Mean: 2400.7441340782125
Std: 2024.383268530095

Total Service Time Statistics:
Min: 4
Max: 7673
Mean: 2473.377653631285
Std: 2027.0007141709452
