iteration: 18
System used: Adaptive
Number of floors: 5
Number of passengers: 122
traffic: moderate
Waiting Time Statistics:
Min: 0
Max: 55
Mean: 8.62295081967213
Std: 8.563161412087368

Total Service Time Statistics:
Min: 4
Max: 65
Mean: 19.516393442622952
Std: 10.073476839978163
