iteration: 13
System used: Adaptive
Number of floors: 5
Number of passengers: 140
traffic: moderate
Waiting Time Statistics:
Min: 0
Max: 50
Mean: 8.735714285714286
Std: 7.254480842340187

Total Service Time Statistics:
Min: 4
Max: 58
Mean: 19.442857142857143
Std: 8.970993567657699
