iteration: 16
System used: Adaptive
Number of floors: 5
Number of passengers: 128
traffic: moderate
Waiting Time Statistics:
Min: 0
Max: 77
Mean: 8.4921875
Std: 9.238737424178337

Total Service Time Statistics:
Min: 4
Max: 85
Mean: 19.3984375
Std: 11.23152189836904
