iteration: 3
System used: Adaptive
Number of floors: 40
Number of passengers: 1035
traffic: moderate
Waiting Time Statistics:
Min: 0
Max: 7954
Mean: 2565.742028985507
Std: 2095.6186116963972

Total Service Time Statistics:
Min: 11
Max: 8025
Mean: 2628.6038647342993
Std: 2108.9302185965316
