iteration: 77
System used: Adaptive
Number of floors: 20
Number of passengers: 331
traffic: moderate
Waiting Time Statistics:
Min: 0
Max: 706
Mean: 69.50453172205438
Std: 106.86979819986585

Total Service Time Statistics:
Min: 4
Max: 719
Mean: 97.5226586102719
Std: 119.17212634317136
