iteration: 50
System used: Adaptive
Number of floors: 20
Number of passengers: 270
traffic: moderate
Waiting Time Statistics:
Min: 0
Max: 167
Mean: 32.888888888888886
Std: 33.09357391471303

Total Service Time Statistics:
Min: 5
Max: 226
Mean: 53.41481481481482
Std: 44.3697517757555
