iteration: 5
System used: Adaptive
Number of floors: 20
Number of passengers: 273
traffic: moderate
Waiting Time Statistics:
Min: 0
Max: 276
Mean: 32.956043956043956
Std: 45.08078828644717

Total Service Time Statistics:
Min: 4
Max: 299
Mean: 53.146520146520146
Std: 51.68357271139203
