iteration: 11
System used: Adaptive
Number of floors: 20
Number of passengers: 293
traffic: moderate
Waiting Time Statistics:
Min: 0
Max: 369
Mean: 40.58361774744027
Std: 56.12019883254217

Total Service Time Statistics:
Min: 4
Max: 420
Mean: 63.42320819112628
Std: 68.13402189058951
