iteration: 60
System used: Adaptive
Number of floors: 20
Number of passengers: 312
traffic: moderate
Waiting Time Statistics:
Min: 0
Max: 227
Mean: 35.94871794871795
Std: 38.68095152930956

Total Service Time Statistics:
Min: 5
Max: 258
Mean: 58.41025641025641
Std: 49.51408540314815
