iteration: 90
System used: Adaptive
Number of floors: 20
Number of passengers: 289
traffic: moderate
Waiting Time Statistics:
Min: 0
Max: 290
Mean: 29.166089965397923
Std: 38.62848454623997

Total Service Time Statistics:
Min: 4
Max: 306
Mean: 50.49826989619377
Std: 46.28415589890482
