iteration: 47
System used: Adaptive
Number of floors: 5
Number of passengers: 122
traffic: moderate
Waiting Time Statistics:
Min: 0
Max: 53
Mean: 7.385245901639344
Std: 6.641276788167255

Total Service Time Statistics:
Min: 6
Max: 68
Mean: 19.204918032786885
Std: 8.757465315578271
