iteration: 39
System used: Adaptive
Number of floors: 5
Number of passengers: 120
traffic: moderate
Waiting Time Statistics:
Min: 0
Max: 49
Mean: 9.266666666666667
Std: 8.136166104471554

Total Service Time Statistics:
Min: 4
Max: 59
Mean: 20.758333333333333
Std: 9.62314771729061
