iteration: 80
System used: Adaptive
Number of floors: 5
Number of passengers: 147
traffic: moderate
Waiting Time Statistics:
Min: 0
Max: 55
Mean: 8.170068027210885
Std: 7.822845144812988

Total Service Time Statistics:
Min: 4
Max: 59
Mean: 18.387755102040817
Std: 9.020865447342969
