iteration: 46
System used: Adaptive
Number of floors: 40
Number of passengers: 977
traffic: moderate
Waiting Time Statistics:
Min: 0
Max: 7330
Mean: 2313.790174002047
Std: 1983.7899334317933

Total Service Time Statistics:
Min: 7
Max: 7371
Mean: 2377.3019447287616
Std: 1988.6389039989797
