iteration: 91
System used: Adaptive
Number of floors: 20
Number of passengers: 278
traffic: moderate
Waiting Time Statistics:
Min: 0
Max: 399
Mean: 43.935251798561154
Std: 72.53702738100114

Total Service Time Statistics:
Min: 7
Max: 453
Mean: 67.91726618705036
Std: 85.30910238597056
