iteration: 42
System used: Adaptive
Number of floors: 5
Number of passengers: 158
traffic: moderate
Waiting Time Statistics:
Min: 0
Max: 43
Mean: 9.962025316455696
Std: 8.298481233118808

Total Service Time Statistics:
Min: 7
Max: 61
Mean: 20.20253164556962
Std: 9.96091693376732
