iteration: 80
System used: Adaptive
Number of floors: 40
Number of passengers: 1040
traffic: moderate
Waiting Time Statistics:
Min: 0
Max: 8017
Mean: 2657.2778846153847
Std: 2114.747125748774

Total Service Time Statistics:
Min: 8
Max: 8023
Mean: 2719.2221153846153
Std: 2126.4598639804326
