iteration: 22
System used: Adaptive
Number of floors: 20
Number of passengers: 281
traffic: moderate
Waiting Time Statistics:
Min: 0
Max: 334
Mean: 38.31672597864769
Std: 47.6707012215762

Total Service Time Statistics:
Min: 6
Max: 353
Mean: 60.4661921708185
Std: 56.95060293251709
