iteration: 10
System used: Adaptive
Number of floors: 20
Number of passengers: 263
traffic: moderate
Waiting Time Statistics:
Min: 0
Max: 169
Mean: 30.984790874524716
Std: 33.83976268817465

Total Service Time Statistics:
Min: 9
Max: 230
Mean: 53.61596958174905
Std: 43.81406815654707
