iteration: 20
System used: Adaptive
Number of floors: 5
Number of passengers: 115
traffic: moderate
Waiting Time Statistics:
Min: 0
Max: 119
Mean: 9.104347826086956
Std: 12.725422760732126

Total Service Time Statistics:
Min: 4
Max: 123
Mean: 20.860869565217392
Std: 13.556824497842172
