iteration: 0
System used: Adaptive
Number of floors: 40
Number of passengers: 972
traffic: moderate
Waiting Time Statistics:
Min: 0
Max: 8604
Mean: 3166.3528806584363
Std: 2336.8064813697592

Total Service Time Statistics:
Min: 14
Max: 8704
Mean: 3247.727366255144
Std: 2334.5981940925076
