iteration: 20
System used: Adaptive
Number of floors: 40
Number of passengers: 968
traffic: moderate
Waiting Time Statistics:
Min: 0
Max: 8388
Mean: 3126.6828512396696
Std: 2230.13861117698

Total Service Time Statistics:
Min: 12
Max: 8423
Mean: 3204.4245867768595
Std: 2225.9143285932287
