iteration: 72
System used: Adaptive
Number of floors: 5
Number of passengers: 137
traffic: moderate
Waiting Time Statistics:
Min: 0
Max: 45
Mean: 8.394160583941606
Std: 8.001247755849946

Total Service Time Statistics:
Min: 4
Max: 69
Mean: 19.73722627737226
Std: 10.565809226123376
