iteration: 74
System used: Adaptive
Number of floors: 5
Number of passengers: 137
traffic: moderate
Waiting Time Statistics:
Min: 0
Max: 36
Mean: 7.627737226277373
Std: 5.92478257142636

Total Service Time Statistics:
Min: 4
Max: 52
Mean: 18.26277372262774
Std: 7.967092311311039
