iteration: 71
System used: Adaptive
Number of floors: 20
Number of passengers: 308
traffic: moderate
Waiting Time Statistics:
Min: 0
Max: 193
Mean: 32.353896103896105
Std: 32.71605336279697

Total Service Time Statistics:
Min: 8
Max: 251
Mean: 52.9025974025974
Std: 42.67287423159965
