iteration: 98
System used: Adaptive
Number of floors: 20
Number of passengers: 291
traffic: moderate
Waiting Time Statistics:
Min: 0
Max: 161
Mean: 29.75257731958763
Std: 27.475643481342317

Total Service Time Statistics:
Min: 5
Max: 208
Mean: 49.560137457044675
Std: 35.57593615190595
