iteration: 22
System used: Adaptive
Number of floors: 5
Number of passengers: 129
traffic: moderate
Waiting Time Statistics:
Min: 0
Max: 45
Mean: 8.155038759689923
Std: 6.453499065917531

Total Service Time Statistics:
Min: 4
Max: 56
Mean: 19.209302325581394
Std: 8.394263683653122
