iteration: 0
System used: Adaptive
Number of floors: 5
Number of passengers: 113
traffic: moderate
Waiting Time Statistics:
Min: 0
Max: 47
Mean: 8.256637168141593
Std: 7.525882436467817

Total Service Time Statistics:
Min: 4
Max: 57
Mean: 19.504424778761063
Std: 9.649318900654253
