iteration: 38
System used: Adaptive
Number of floors: 5
Number of passengers: 120
traffic: moderate
Waiting Time Statistics:
Min: 0
Max: 78
Mean: 9.083333333333334
Std: 9.75892897186321

Total Service Time Statistics:
Min: 5
Max: 85
Mean: 20.266666666666666
Std: 11.03069310950996
