iteration: 74
System used: Adaptive
Number of floors: 40
Number of passengers: 984
traffic: moderate
Waiting Time Statistics:
Min: 0
Max: 7168
Mean: 2007.3567073170732
Std: 1860.0411222320965

Total Service Time Statistics:
Min: 14
Max: 7207
Mean: 2065.9989837398375
Std: 1866.2287378378421
