iteration: 7
System used: single
Number of floors: 5
Number of passengers: 311
traffic: high
Waiting Time Statistics:
Min: 3
Max: 61
Mean: 16.7491961414791
Std: 12.516110559805526

Total Service Time Statistics:
Min: 7
Max: 74
Mean: 24.488745980707396
Std: 14.55797205512659
