iteration: 3
System used: single
Number of floors: 20
Number of passengers: 1162
traffic: high
Waiting Time Statistics:
Min: 3
Max: 8824
Mean: 2403.512048192771
Std: 2285.478224237473

Total Service Time Statistics:
Min: 16
Max: 8846
Mean: 2441.384681583477
Std: 2283.0093813927742
