iteration: 3
System used: single
Number of floors: 5
Number of passengers: 314
traffic: high
Waiting Time Statistics:
Min: 3
Max: 127
Mean: 17.808917197452228
Std: 16.956110892164247

Total Service Time Statistics:
Min: 7
Max: 135
Mean: 25.61783439490446
Std: 19.007156893826725
