iteration: 84
System used: single
Number of floors: 5
Number of passengers: 355
traffic: high
Waiting Time Statistics:
Min: 3
Max: 76
Mean: 20.04225352112676
Std: 14.720404206136552

Total Service Time Statistics:
Min: 7
Max: 94
Mean: 29.04225352112676
Std: 17.60459992189887
