iteration: 52
System used: single
Number of floors: 20
Number of passengers: 1154
traffic: high
Waiting Time Statistics:
Min: 3
Max: 8770
Mean: 2378.2972270363953
Std: 2279.017467396104

Total Service Time Statistics:
Min: 16
Max: 8792
Mean: 2416.5
Std: 2276.3691053934094
