iteration: 66
System used: single
Number of floors: 5
Number of passengers: 329
traffic: high
Waiting Time Statistics:
Min: 3
Max: 76
Mean: 16.416413373860184
Std: 11.973541889916145

Total Service Time Statistics:
Min: 7
Max: 84
Mean: 24.328267477203646
Std: 14.28355560456589
