iteration: 26
System used: single
Number of floors: 5
Number of passengers: 326
traffic: high
Waiting Time Statistics:
Min: 3
Max: 83
Mean: 16.812883435582823
Std: 13.151611295207028

Total Service Time Statistics:
Min: 7
Max: 97
Mean: 24.530674846625768
Std: 14.959143666516757
