iteration: 73
System used: single
Number of floors: 20
Number of passengers: 1196
traffic: high
Waiting Time Statistics:
Min: 3
Max: 9070
Mean: 2491.17474916388
Std: 2367.514385790869

Total Service Time Statistics:
Min: 7
Max: 9093
Mean: 2529.6688963210704
Std: 2365.0361966823098
