iteration: 91
System used: single
Number of floors: 5
Number of passengers: 349
traffic: high
Waiting Time Statistics:
Min: 3
Max: 74
Mean: 17.888252148997136
Std: 12.823362505958674

Total Service Time Statistics:
Min: 7
Max: 88
Mean: 25.277936962750715
Std: 14.501490224116722
