iteration: 9
System used: single
Number of floors: 5
Number of passengers: 328
traffic: high
Waiting Time Statistics:
Min: 3
Max: 74
Mean: 16.963414634146343
Std: 12.977934811607808

Total Service Time Statistics:
Min: 7
Max: 83
Mean: 24.673780487804876
Std: 15.081845468258367
