iteration: 0
System used: single
Number of floors: 20
Number of passengers: 1119
traffic: high
Waiting Time Statistics:
Min: 3
Max: 8573
Mean: 2273.634495084897
Std: 2180.670565227707

Total Service Time Statistics:
Min: 17
Max: 8590
Mean: 2311.871313672922
Std: 2178.396358246542
