iteration: 11
System used: single
Number of floors: 5
Number of passengers: 364
traffic: high
Waiting Time Statistics:
Min: 3
Max: 96
Mean: 21.21153846153846
Std: 16.72090718294182

Total Service Time Statistics:
Min: 7
Max: 109
Mean: 29.714285714285715
Std: 19.04759051552369
