iteration: 22
System used: single
Number of floors: 5
Number of passengers: 305
traffic: high
Waiting Time Statistics:
Min: 3
Max: 45
Mean: 14.318032786885245
Std: 9.734662501190236

Total Service Time Statistics:
Min: 7
Max: 61
Mean: 21.41967213114754
Std: 11.396889286926683
