iteration: 48
System used: single
Number of floors: 20
Number of passengers: 1117
traffic: high
Waiting Time Statistics:
Min: 3
Max: 8699
Mean: 2298.1817367949866
Std: 2232.7987636803905

Total Service Time Statistics:
Min: 7
Max: 8713
Mean: 2336.1083258728736
Std: 2230.59080121935
