iteration: 41
System used: single
Number of floors: 20
Number of passengers: 1172
traffic: high
Waiting Time Statistics:
Min: 3
Max: 9028
Mean: 2436.1066552901025
Std: 2337.7679150532695

Total Service Time Statistics:
Min: 16
Max: 9042
Mean: 2474.2696245733787
Std: 2335.791175536011
