iteration: 76
System used: single
Number of floors: 5
Number of passengers: 322
traffic: high
Waiting Time Statistics:
Min: 3
Max: 71
Mean: 17.527950310559007
Std: 12.528627461380559

Total Service Time Statistics:
Min: 7
Max: 75
Mean: 25.074534161490682
Std: 13.853507173177185
