iteration: 78
System used: single
Number of floors: 5
Number of passengers: 347
traffic: high
Waiting Time Statistics:
Min: 3
Max: 91
Mean: 19.0
Std: 14.397334371133416

Total Service Time Statistics:
Min: 7
Max: 101
Mean: 28.020172910662826
Std: 17.489126166680308
