iteration: 38
System used: single
Number of floors: 20
Number of passengers: 1154
traffic: high
Waiting Time Statistics:
Min: 3
Max: 8910
Mean: 2356.4168110918545
Std: 2294.0824211055615

Total Service Time Statistics:
Min: 10
Max: 8920
Mean: 2394.6299826689774
Std: 2291.850071875053
