iteration: 63
System used: single
Number of floors: 20
Number of passengers: 1154
traffic: high
Waiting Time Statistics:
Min: 3
Max: 8808
Mean: 2345.599653379549
Std: 2258.605369306098

Total Service Time Statistics:
Min: 7
Max: 8830
Mean: 2383.9419410745236
Std: 2256.3652792258163
