iteration: 96
System used: single
Number of floors: 5
Number of passengers: 331
traffic: high
Waiting Time Statistics:
Min: 3
Max: 66
Mean: 16.73716012084592
Std: 12.126371578845134

Total Service Time Statistics:
Min: 7
Max: 85
Mean: 24.649546827794563
Std: 14.462841356284143
