iteration: 30
System used: single
Number of floors: 20
Number of passengers: 1134
traffic: high
Waiting Time Statistics:
Min: 3
Max: 8570
Mean: 2313.0158730158732
Std: 2204.833009532547

Total Service Time Statistics:
Min: 7
Max: 8575
Mean: 2350.9356261022926
Std: 2202.8423931974917
