iteration: 90
System used: single
Number of floors: 20
Number of passengers: 1155
traffic: high
Waiting Time Statistics:
Min: 3
Max: 9083
Mean: 2418.6709956709956
Std: 2345.2934126648297

Total Service Time Statistics:
Min: 11
Max: 9101
Mean: 2456.191341991342
Std: 2342.3743295535974
