iteration: 86
System used: single
Number of floors: 5
Number of passengers: 319
traffic: high
Waiting Time Statistics:
Min: 3
Max: 77
Mean: 15.360501567398119
Std: 10.741318319670746

Total Service Time Statistics:
Min: 7
Max: 85
Mean: 22.630094043887148
Std: 12.460043194396327
