iteration: 1
System used: single
Number of floors: 5
Number of passengers: 333
traffic: high
Waiting Time Statistics:
Min: 3
Max: 92
Mean: 18.534534534534533
Std: 15.558561433954463

Total Service Time Statistics:
Min: 7
Max: 99
Mean: 25.81981981981982
Std: 16.98893945550631
