iteration: 91
System used: single
Number of floors: 20
Number of passengers: 1058
traffic: high
Waiting Time Statistics:
Min: 3
Max: 8147
Mean: 2024.7041587901701
Std: 2086.0294515322826

Total Service Time Statistics:
Min: 19
Max: 8156
Mean: 2061.9858223062383
Std: 2084.189091050489
