iteration: 20
System used: single
Number of floors: 20
Number of passengers: 1127
traffic: high
Waiting Time Statistics:
Min: 3
Max: 8607
Mean: 2269.2129547471163
Std: 2199.4328113703677

Total Service Time Statistics:
Min: 23
Max: 8622
Mean: 2307.9032830523515
Std: 2196.7946272944223
