iteration: 31
System used: single
Number of floors: 20
Number of passengers: 1156
traffic: high
Waiting Time Statistics:
Min: 3
Max: 8949
Mean: 2407.560553633218
Std: 2333.242406409161

Total Service Time Statistics:
Min: 8
Max: 8971
Mean: 2445.445501730104
Std: 2331.0632632528673
