iteration: 52
System used: single
Number of floors: 5
Number of passengers: 322
traffic: high
Waiting Time Statistics:
Min: 3
Max: 65
Mean: 16.782608695652176
Std: 12.325136108351685

Total Service Time Statistics:
Min: 7
Max: 82
Mean: 24.593167701863354
Std: 13.987055093322056
