iteration: 75
System used: single
Number of floors: 5
Number of passengers: 331
traffic: high
Waiting Time Statistics:
Min: 3
Max: 95
Mean: 20.92749244712991
Std: 15.105313114900506

Total Service Time Statistics:
Min: 7
Max: 102
Mean: 29.0392749244713
Std: 16.759844635316437
