iteration: 34
System used: single
Number of floors: 20
Number of passengers: 1101
traffic: high
Waiting Time Statistics:
Min: 3
Max: 8506
Mean: 2218.3505903723885
Std: 2221.3816508634513

Total Service Time Statistics:
Min: 15
Max: 8514
Mean: 2256.2679382379656
Std: 2219.5518646704377
