iteration: 15
System used: single
Number of floors: 20
Number of passengers: 1163
traffic: high
Waiting Time Statistics:
Min: 3
Max: 8758
Mean: 2424.109200343938
Std: 2292.185542305461

Total Service Time Statistics:
Min: 13
Max: 8773
Mean: 2462.1857265692174
Std: 2289.806173332408
