iteration: 64
System used: single
Number of floors: 5
Number of passengers: 294
traffic: high
Waiting Time Statistics:
Min: 3
Max: 76
Mean: 14.445578231292517
Std: 11.692976400591103

Total Service Time Statistics:
Min: 7
Max: 89
Mean: 21.510204081632654
Std: 13.283656383717018
