iteration: 48
System used: single
Number of floors: 5
Number of passengers: 330
traffic: high
Waiting Time Statistics:
Min: 3
Max: 65
Mean: 16.330303030303032
Std: 11.960039464016909

Total Service Time Statistics:
Min: 7
Max: 93
Mean: 23.86060606060606
Std: 14.378469622644992
