iteration: 99
System used: single
Number of floors: 5
Number of passengers: 336
traffic: high
Waiting Time Statistics:
Min: 3
Max: 103
Mean: 17.729166666666668
Std: 13.416447264977803

Total Service Time Statistics:
Min: 7
Max: 107
Mean: 26.226190476190474
Std: 15.763249297948763
