iteration: 47
System used: single
Number of floors: 20
Number of passengers: 1196
traffic: high
Waiting Time Statistics:
Min: 3
Max: 9070
Mean: 2486.32525083612
Std: 2329.474794987746

Total Service Time Statistics:
Min: 7
Max: 9085
Mean: 2524.4657190635453
Std: 2327.211997217998
