iteration: 62
System used: single
Number of floors: 20
Number of passengers: 1132
traffic: high
Waiting Time Statistics:
Min: 3
Max: 8597
Mean: 2299.180212014134
Std: 2239.000569092552

Total Service Time Statistics:
Min: 12
Max: 8617
Mean: 2337.0388692579504
Std: 2236.7495829852637
