iteration: 8
System used: single
Number of floors: 5
Number of passengers: 314
traffic: high
Waiting Time Statistics:
Min: 3
Max: 70
Mean: 15.585987261146498
Std: 12.275872898168087

Total Service Time Statistics:
Min: 7
Max: 75
Mean: 23.248407643312103
Std: 14.303490961521637
