iteration: 47
System used: single
Number of floors: 5
Number of passengers: 320
traffic: high
Waiting Time Statistics:
Min: 3
Max: 85
Mean: 18.3375
Std: 13.717657887957204

Total Service Time Statistics:
Min: 7
Max: 96
Mean: 26.3875
Std: 15.83535487287365
