iteration: 23
System used: single
Number of floors: 5
Number of passengers: 346
traffic: high
Waiting Time Statistics:
Min: 3
Max: 83
Mean: 18.167630057803468
Std: 13.459577426948494

Total Service Time Statistics:
Min: 7
Max: 89
Mean: 26.51156069364162
Std: 15.66852783492109
