iteration: 36
System used: single
Number of floors: 20
Number of passengers: 1115
traffic: high
Waiting Time Statistics:
Min: 3
Max: 8477
Mean: 2252.4762331838565
Std: 2216.047583511679

Total Service Time Statistics:
Min: 9
Max: 8489
Mean: 2290.0860986547086
Std: 2213.4148904622566
