iteration: 78
System used: single
Number of floors: 20
Number of passengers: 1129
traffic: high
Waiting Time Statistics:
Min: 3
Max: 8744
Mean: 2300.656333038087
Std: 2279.3059244069327

Total Service Time Statistics:
Min: 12
Max: 8756
Mean: 2338.495128432241
Std: 2277.0150152404576
