iteration: 0
System used: single
Number of floors: 5
Number of passengers: 337
traffic: high
Waiting Time Statistics:
Min: 3
Max: 70
Mean: 17.201780415430267
Std: 12.070265380036027

Total Service Time Statistics:
Min: 7
Max: 85
Mean: 25.71513353115727
Std: 14.249754887093161
