iteration: 93
System used: single
Number of floors: 20
Number of passengers: 1117
traffic: high
Waiting Time Statistics:
Min: 3
Max: 8663
Mean: 2304.5649059982093
Std: 2207.232750000352

Total Service Time Statistics:
Min: 16
Max: 8673
Mean: 2342.5783348254254
Std: 2205.2178560108905
