iteration: 67
System used: single
Number of floors: 20
Number of passengers: 1166
traffic: high
Waiting Time Statistics:
Min: 3
Max: 8854
Mean: 2393.6012006861065
Std: 2282.125267963323

Total Service Time Statistics:
Min: 14
Max: 8865
Mean: 2431.603773584906
Std: 2280.3176273266135
