iteration: 68
System used: single
Number of floors: 20
Number of passengers: 1163
traffic: high
Waiting Time Statistics:
Min: 3
Max: 8666
Mean: 2414.6190885640585
Std: 2282.975716941549

Total Service Time Statistics:
Min: 9
Max: 8681
Mean: 2452.4307824591574
Std: 2281.1509568112206
