iteration: 2
System used: single
Number of floors: 20
Number of passengers: 1168
traffic: high
Waiting Time Statistics:
Min: 3
Max: 8888
Mean: 2450.9306506849316
Std: 2331.427663973654

Total Service Time Statistics:
Min: 21
Max: 8911
Mean: 2488.7799657534247
Std: 2328.874202104918
