iteration: 36
System used: single
Number of floors: 5
Number of passengers: 325
traffic: high
Waiting Time Statistics:
Min: 3
Max: 89
Mean: 19.504615384615384
Std: 16.590868665531744

Total Service Time Statistics:
Min: 7
Max: 110
Mean: 28.38769230769231
Std: 19.436121295570892
