iteration: 44
System used: single
Number of floors: 5
Number of passengers: 334
traffic: high
Waiting Time Statistics:
Min: 3
Max: 66
Mean: 16.88622754491018
Std: 11.881253895707053

Total Service Time Statistics:
Min: 7
Max: 78
Mean: 24.877245508982035
Std: 14.279699261840685
