iteration: 58
System used: single
Number of floors: 20
Number of passengers: 1091
traffic: high
Waiting Time Statistics:
Min: 3
Max: 8384
Mean: 2194.293308890926
Std: 2178.805691312668

Total Service Time Statistics:
Min: 15
Max: 8401
Mean: 2231.87167736022
Std: 2176.749235648043
