iteration: 24
System used: single
Number of floors: 20
Number of passengers: 1121
traffic: high
Waiting Time Statistics:
Min: 3
Max: 8505
Mean: 2273.8813559322034
Std: 2184.4659966168624

Total Service Time Statistics:
Min: 17
Max: 8526
Mean: 2312.175735950045
Std: 2182.2964678415233
