iteration: 77
System used: single
Number of floors: 5
Number of passengers: 295
traffic: high
Waiting Time Statistics:
Min: 3
Max: 62
Mean: 14.423728813559322
Std: 11.10004502937258

Total Service Time Statistics:
Min: 7
Max: 71
Mean: 21.34237288135593
Std: 12.255280735866819
