iteration: 87
System used: single
Number of floors: 20
Number of passengers: 1148
traffic: high
Waiting Time Statistics:
Min: 3
Max: 8720
Mean: 2407.663763066202
Std: 2240.273870925217

Total Service Time Statistics:
Min: 7
Max: 8741
Mean: 2446.1254355400697
Std: 2237.7149841802534
