iteration: 99
System used: single
Number of floors: 20
Number of passengers: 1151
traffic: high
Waiting Time Statistics:
Min: 3
Max: 8922
Mean: 2372.868809730669
Std: 2313.1777512463464

Total Service Time Statistics:
Min: 11
Max: 8932
Mean: 2410.76629018245
Std: 2311.026566952079
