iteration: 53
System used: single
Number of floors: 5
Number of passengers: 311
traffic: high
Waiting Time Statistics:
Min: 3
Max: 79
Mean: 16.372990353697748
Std: 13.628804070195509

Total Service Time Statistics:
Min: 7
Max: 91
Mean: 23.826366559485532
Std: 15.63212405791276
