iteration: 7
System used: single
Number of floors: 20
Number of passengers: 1186
traffic: high
Waiting Time Statistics:
Min: 3
Max: 9132
Mean: 2487.682967959528
Std: 2387.066229806332

Total Service Time Statistics:
Min: 12
Max: 9153
Mean: 2525.339797639123
Std: 2384.939105461773
