iteration: 37
System used: single
Number of floors: 20
Number of passengers: 1101
traffic: high
Waiting Time Statistics:
Min: 3
Max: 8361
Mean: 2216.987284287012
Std: 2188.5368873087086

Total Service Time Statistics:
Min: 12
Max: 8374
Mean: 2254.905540417802
Std: 2186.5327264407797
