iteration: 83
System used: single
Number of floors: 5
Number of passengers: 350
traffic: high
Waiting Time Statistics:
Min: 3
Max: 80
Mean: 19.265714285714285
Std: 13.478231262658664

Total Service Time Statistics:
Min: 7
Max: 116
Mean: 27.6
Std: 16.039707176370925
