iteration: 5
System used: single
Number of floors: 5
Number of passengers: 340
traffic: high
Waiting Time Statistics:
Min: 3
Max: 78
Mean: 17.873529411764707
Std: 12.9000653727627

Total Service Time Statistics:
Min: 7
Max: 90
Mean: 25.78235294117647
Std: 14.974500855229387
