iteration: 10
System used: single
Number of floors: 5
Number of passengers: 330
traffic: high
Waiting Time Statistics:
Min: 3
Max: 57
Mean: 17.181818181818183
Std: 12.027462358598774

Total Service Time Statistics:
Min: 7
Max: 77
Mean: 24.85757575757576
Std: 14.176300491487279
