iteration: 25
System used: single
Number of floors: 20
Number of passengers: 1096
traffic: high
Waiting Time Statistics:
Min: 3
Max: 8539
Mean: 2118.6523722627735
Std: 2171.404648292092

Total Service Time Statistics:
Min: 20
Max: 8547
Mean: 2156.4881386861316
Std: 2168.351664398201
