iteration: 14
System used: single
Number of floors: 5
Number of passengers: 319
traffic: high
Waiting Time Statistics:
Min: 3
Max: 76
Mean: 17.260188087774296
Std: 12.875236382847394

Total Service Time Statistics:
Min: 7
Max: 101
Mean: 25.288401253918494
Std: 15.64317793766447
