iteration: 67
System used: single
Number of floors: 5
Number of passengers: 322
traffic: high
Waiting Time Statistics:
Min: 3
Max: 70
Mean: 17.5
Std: 12.801686512725324

Total Service Time Statistics:
Min: 7
Max: 100
Mean: 25.220496894409937
Std: 14.944898244984804
