iteration: 94
System used: single
Number of floors: 5
Number of passengers: 341
traffic: high
Waiting Time Statistics:
Min: 3
Max: 113
Mean: 17.665689149560116
Std: 13.299036736794783

Total Service Time Statistics:
Min: 7
Max: 120
Mean: 25.780058651026394
Std: 15.272091462652021
