iteration: 37
System used: single
Number of floors: 5
Number of passengers: 362
traffic: high
Waiting Time Statistics:
Min: 3
Max: 83
Mean: 21.201657458563535
Std: 16.45410632558794

Total Service Time Statistics:
Min: 7
Max: 103
Mean: 29.997237569060772
Std: 19.15652086149288
