iteration: 15
System used: single
Number of floors: 5
Number of passengers: 355
traffic: high
Waiting Time Statistics:
Min: 3
Max: 109
Mean: 20.946478873239435
Std: 16.61749665845495

Total Service Time Statistics:
Min: 7
Max: 118
Mean: 29.169014084507044
Std: 19.021832472376204
