iteration: 72
System used: single
Number of floors: 5
Number of passengers: 281
traffic: high
Waiting Time Statistics:
Min: 3
Max: 56
Mean: 13.626334519572953
Std: 10.228071512920277

Total Service Time Statistics:
Min: 7
Max: 63
Mean: 20.437722419928825
Std: 11.563977340731856
