iteration: 80
System used: single
Number of floors: 20
Number of passengers: 1171
traffic: high
Waiting Time Statistics:
Min: 3
Max: 8932
Mean: 2453.0350128095643
Std: 2307.9459376055165

Total Service Time Statistics:
Min: 8
Max: 8952
Mean: 2491.34585824082
Std: 2305.47595414735
