iteration: 88
System used: single
Number of floors: 20
Number of passengers: 1171
traffic: high
Waiting Time Statistics:
Min: 3
Max: 8930
Mean: 2419.476515798463
Std: 2305.649677636757

Total Service Time Statistics:
Min: 7
Max: 8946
Mean: 2457.855678906917
Std: 2303.23144318217
