iteration: 62
System used: single
Number of floors: 5
Number of passengers: 356
traffic: high
Waiting Time Statistics:
Min: 3
Max: 92
Mean: 18.528089887640448
Std: 13.758348973697327

Total Service Time Statistics:
Min: 7
Max: 112
Mean: 26.6938202247191
Std: 16.388387025831275
