iteration: 6
System used: single
Number of floors: 20
Number of passengers: 1173
traffic: high
Waiting Time Statistics:
Min: 3
Max: 8962
Mean: 2374.176470588235
Std: 2311.118824409088

Total Service Time Statistics:
Min: 9
Max: 8968
Mean: 2412.615515771526
Std: 2308.9495926718864
