iteration: 41
System used: single
Number of floors: 5
Number of passengers: 347
traffic: high
Waiting Time Statistics:
Min: 3
Max: 83
Mean: 18.24207492795389
Std: 13.995423044783678

Total Service Time Statistics:
Min: 7
Max: 101
Mean: 26.582132564841498
Std: 16.24099654730053
