iteration: 39
System used: single
Number of floors: 20
Number of passengers: 1144
traffic: high
Waiting Time Statistics:
Min: 3
Max: 8844
Mean: 2345.798951048951
Std: 2230.2642157892124

Total Service Time Statistics:
Min: 12
Max: 8859
Mean: 2383.8417832167834
Std: 2227.5882399798566
