iteration: 85
System used: single
Number of floors: 20
Number of passengers: 1137
traffic: high
Waiting Time Statistics:
Min: 3
Max: 8617
Mean: 2318.0263852242742
Std: 2230.3310661864

Total Service Time Statistics:
Min: 18
Max: 8639
Mean: 2356.457343887423
Std: 2228.056218824829
