iteration: 9
System used: single
Number of floors: 20
Number of passengers: 1130
traffic: high
Waiting Time Statistics:
Min: 3
Max: 8712
Mean: 2300.029203539823
Std: 2237.8670290509376

Total Service Time Statistics:
Min: 16
Max: 8734
Mean: 2337.946017699115
Std: 2235.750568732217
