iteration: 58
System used: single
Number of floors: 5
Number of passengers: 341
traffic: high
Waiting Time Statistics:
Min: 3
Max: 63
Mean: 16.519061583577713
Std: 11.666836621974415

Total Service Time Statistics:
Min: 7
Max: 79
Mean: 24.134897360703814
Std: 13.215387056872894
