iteration: 59
System used: single
Number of floors: 20
Number of passengers: 1126
traffic: high
Waiting Time Statistics:
Min: 3
Max: 8494
Mean: 2306.816163410302
Std: 2255.793244849226

Total Service Time Statistics:
Min: 10
Max: 8499
Mean: 2344.564831261101
Std: 2253.3590556258337
