iteration: 14
System used: single
Number of floors: 20
Number of passengers: 1194
traffic: high
Waiting Time Statistics:
Min: 3
Max: 9012
Mean: 2495.6139028475714
Std: 2343.1157652856027

Total Service Time Statistics:
Min: 19
Max: 9018
Mean: 2533.680067001675
Std: 2341.363164924093
