iteration: 13
System used: single
Number of floors: 5
Number of passengers: 305
traffic: high
Waiting Time Statistics:
Min: 3
Max: 68
Mean: 15.652459016393443
Std: 11.589917444380621

Total Service Time Statistics:
Min: 7
Max: 78
Mean: 22.60327868852459
Std: 13.135552990747481
