iteration: 42
System used: single
Number of floors: 20
Number of passengers: 1150
traffic: high
Waiting Time Statistics:
Min: 3
Max: 8895
Mean: 2410.5408695652172
Std: 2296.094809236294

Total Service Time Statistics:
Min: 11
Max: 8912
Mean: 2448.72
Std: 2293.8031526822447
