iteration: 87
System used: single
Number of floors: 5
Number of passengers: 301
traffic: high
Waiting Time Statistics:
Min: 3
Max: 85
Mean: 15.897009966777409
Std: 12.985094956522278

Total Service Time Statistics:
Min: 7
Max: 99
Mean: 23.47840531561462
Std: 14.896432417926054
