iteration: 16
System used: single
Number of floors: 5
Number of passengers: 347
traffic: high
Waiting Time Statistics:
Min: 3
Max: 75
Mean: 17.29971181556196
Std: 13.05068265784533

Total Service Time Statistics:
Min: 7
Max: 89
Mean: 24.88472622478386
Std: 14.444971228189138
