iteration: 19
System used: single
Number of floors: 5
Number of passengers: 346
traffic: high
Waiting Time Statistics:
Min: 3
Max: 65
Mean: 19.228323699421967
Std: 13.62127092196971

Total Service Time Statistics:
Min: 7
Max: 101
Mean: 27.36994219653179
Std: 15.526382166656045
