iteration: 10
System used: single
Number of floors: 20
Number of passengers: 1120
traffic: high
Waiting Time Statistics:
Min: 3
Max: 8584
Mean: 2253.2169642857143
Std: 2182.333381642373

Total Service Time Statistics:
Min: 16
Max: 8607
Mean: 2291.469642857143
Std: 2180.2607785600167
