iteration: 56
System used: single
Number of floors: 20
Number of passengers: 1111
traffic: high
Waiting Time Statistics:
Min: 3
Max: 8596
Mean: 2249.3870387038705
Std: 2213.0136839571064

Total Service Time Statistics:
Min: 8
Max: 8603
Mean: 2287.4545454545455
Std: 2210.4397237838384
