iteration: 33
System used: single
Number of floors: 5
Number of passengers: 358
traffic: high
Waiting Time Statistics:
Min: 3
Max: 97
Mean: 20.75977653631285
Std: 15.109436528832957

Total Service Time Statistics:
Min: 7
Max: 116
Mean: 29.187150837988828
Std: 17.583610660166833
