iteration: 81
System used: single
Number of floors: 20
Number of passengers: 1168
traffic: high
Waiting Time Statistics:
Min: 3
Max: 8984
Mean: 2394.4400684931506
Std: 2300.7153661551397

Total Service Time Statistics:
Min: 18
Max: 9004
Mean: 2432.6078767123286
Std: 2299.04648213096
