iteration: 49
System used: single
Number of floors: 20
Number of passengers: 1153
traffic: high
Waiting Time Statistics:
Min: 3
Max: 8997
Mean: 2374.2818733738077
Std: 2301.702962050741

Total Service Time Statistics:
Min: 15
Max: 9020
Mean: 2412.012142237641
Std: 2299.480898513883
