iteration: 84
System used: single
Number of floors: 20
Number of passengers: 1194
traffic: high
Waiting Time Statistics:
Min: 3
Max: 9016
Mean: 2505.9882747068677
Std: 2390.7446222845024

Total Service Time Statistics:
Min: 11
Max: 9039
Mean: 2544.3685092127303
Std: 2389.2377334771863
