iteration: 96
System used: single
Number of floors: 20
Number of passengers: 1146
traffic: high
Waiting Time Statistics:
Min: 3
Max: 8737
Mean: 2366.569808027923
Std: 2265.097408841791

Total Service Time Statistics:
Min: 16
Max: 8743
Mean: 2404.150087260035
Std: 2262.9625310100587
