iteration: 29
System used: single
Number of floors: 5
Number of passengers: 315
traffic: high
Waiting Time Statistics:
Min: 3
Max: 75
Mean: 18.847619047619048
Std: 15.261696539234652

Total Service Time Statistics:
Min: 7
Max: 82
Mean: 26.965079365079365
Std: 17.118974450001257
