iteration: 18
System used: single
Number of floors: 20
Number of passengers: 1130
traffic: high
Waiting Time Statistics:
Min: 3
Max: 8598
Mean: 2293.9610619469026
Std: 2189.14558648729

Total Service Time Statistics:
Min: 9
Max: 8602
Mean: 2331.9690265486724
Std: 2187.759023442798
