iteration: 80
System used: single
Number of floors: 5
Number of passengers: 321
traffic: high
Waiting Time Statistics:
Min: 3
Max: 79
Mean: 16.034267912772584
Std: 11.611769763498518

Total Service Time Statistics:
Min: 7
Max: 93
Mean: 23.327102803738317
Std: 13.31031721607428
