iteration: 42
System used: single
Number of floors: 5
Number of passengers: 362
traffic: high
Waiting Time Statistics:
Min: 3
Max: 63
Mean: 20.243093922651934
Std: 13.754335275744179

Total Service Time Statistics:
Min: 7
Max: 77
Mean: 28.162983425414364
Std: 15.721378071614417
