iteration: 61
System used: single
Number of floors: 20
Number of passengers: 1148
traffic: high
Waiting Time Statistics:
Min: 3
Max: 8803
Mean: 2385.7648083623694
Std: 2286.6977325503235

Total Service Time Statistics:
Min: 17
Max: 8813
Mean: 2423.572299651568
Std: 2283.5596776129623
