iteration: 27
System used: single
Number of floors: 5
Number of passengers: 312
traffic: high
Waiting Time Statistics:
Min: 3
Max: 60
Mean: 14.567307692307692
Std: 10.62493980137462

Total Service Time Statistics:
Min: 7
Max: 73
Mean: 21.618589743589745
Std: 12.149869619335007
