iteration: 33
System used: single
Number of floors: 20
Number of passengers: 1146
traffic: high
Waiting Time Statistics:
Min: 3
Max: 8812
Mean: 2367.198952879581
Std: 2240.2856681221847

Total Service Time Statistics:
Min: 11
Max: 8831
Mean: 2405.2041884816754
Std: 2238.310746037117
