iteration: 97
System used: single
Number of floors: 20
Number of passengers: 1139
traffic: high
Waiting Time Statistics:
Min: 3
Max: 8803
Mean: 2315.329236172081
Std: 2273.0740822559947

Total Service Time Statistics:
Min: 20
Max: 8824
Mean: 2353.381035996488
Std: 2270.4023780763337
