iteration: 18
System used: single
Number of floors: 5
Number of passengers: 344
traffic: high
Waiting Time Statistics:
Min: 3
Max: 141
Mean: 20.252906976744185
Std: 18.644674795511676

Total Service Time Statistics:
Min: 7
Max: 164
Mean: 28.21511627906977
Std: 21.299070004974837
