iteration: 32
System used: single
Number of floors: 20
Number of passengers: 1113
traffic: high
Waiting Time Statistics:
Min: 3
Max: 8484
Mean: 2243.7619047619046
Std: 2161.576735979055

Total Service Time Statistics:
Min: 29
Max: 8501
Mean: 2282.0530098831987
Std: 2158.80681303362
