iteration: 34
System used: single
Number of floors: 5
Number of passengers: 352
traffic: high
Waiting Time Statistics:
Min: 3
Max: 74
Mean: 17.642045454545453
Std: 12.30117055177258

Total Service Time Statistics:
Min: 7
Max: 87
Mean: 25.818181818181817
Std: 14.790884583765326
