iteration: 82
System used: single
Number of floors: 20
Number of passengers: 1107
traffic: high
Waiting Time Statistics:
Min: 3
Max: 8459
Mean: 2168.535682023487
Std: 2215.023019269918

Total Service Time Statistics:
Min: 17
Max: 8464
Mean: 2206.7109304426376
Std: 2212.3988930827304
