iteration: 5
System used: single
Number of floors: 20
Number of passengers: 1131
traffic: high
Waiting Time Statistics:
Min: 3
Max: 8304
Mean: 2320.523430592396
Std: 2214.8841612828987

Total Service Time Statistics:
Min: 13
Max: 8356
Mean: 2358.8328912466845
Std: 2213.05614167586
