iteration: 12
System used: single
Number of floors: 5
Number of passengers: 335
traffic: high
Waiting Time Statistics:
Min: 3
Max: 95
Mean: 19.907462686567165
Std: 17.228312874476394

Total Service Time Statistics:
Min: 7
Max: 133
Mean: 28.188059701492538
Std: 20.15175600725817
