iteration: 89
System used: single
Number of floors: 5
Number of passengers: 332
traffic: high
Waiting Time Statistics:
Min: 3
Max: 70
Mean: 17.912650602409638
Std: 13.715326164734288

Total Service Time Statistics:
Min: 7
Max: 98
Mean: 25.451807228915662
Std: 15.493515739065963
