iteration: 35
System used: single
Number of floors: 5
Number of passengers: 341
traffic: high
Waiting Time Statistics:
Min: 3
Max: 78
Mean: 18.78592375366569
Std: 14.03686034465492

Total Service Time Statistics:
Min: 7
Max: 104
Mean: 27.096774193548388
Std: 16.27609275735182
