iteration: 92
System used: single
Number of floors: 20
Number of passengers: 1162
traffic: high
Waiting Time Statistics:
Min: 3
Max: 8696
Mean: 2353.7297762478483
Std: 2240.5332216392985

Total Service Time Statistics:
Min: 8
Max: 8702
Mean: 2392.315834767642
Std: 2238.3430631754522
