iteration: 79
System used: single
Number of floors: 5
Number of passengers: 337
traffic: high
Waiting Time Statistics:
Min: 3
Max: 95
Mean: 18.69139465875371
Std: 15.28245035401547

Total Service Time Statistics:
Min: 7
Max: 121
Mean: 27.3026706231454
Std: 18.76968233586819
