iteration: 57
System used: single
Number of floors: 5
Number of passengers: 350
traffic: high
Waiting Time Statistics:
Min: 3
Max: 80
Mean: 19.154285714285713
Std: 13.97579452420827

Total Service Time Statistics:
Min: 7
Max: 98
Mean: 27.44857142857143
Std: 16.62622762218598
