iteration: 22
System used: single
Number of floors: 20
Number of passengers: 1127
traffic: high
Waiting Time Statistics:
Min: 3
Max: 8613
Mean: 2325.7471162377997
Std: 2228.415736244441

Total Service Time Statistics:
Min: 16
Max: 8636
Mean: 2363.7222715173025
Std: 2226.2290436852154
