iteration: 65
System used: single
Number of floors: 5
Number of passengers: 339
traffic: high
Waiting Time Statistics:
Min: 3
Max: 108
Mean: 17.684365781710916
Std: 14.031370932046226

Total Service Time Statistics:
Min: 7
Max: 127
Mean: 25.421828908554573
Std: 16.310293557601536
