iteration: 51
System used: single
Number of floors: 5
Number of passengers: 327
traffic: high
Waiting Time Statistics:
Min: 3
Max: 69
Mean: 16.08868501529052
Std: 12.680407104629197

Total Service Time Statistics:
Min: 7
Max: 98
Mean: 23.61467889908257
Std: 15.367826476682929
