iteration: 55
System used: single
Number of floors: 20
Number of passengers: 1154
traffic: high
Waiting Time Statistics:
Min: 3
Max: 8853
Mean: 2330.471403812825
Std: 2296.665376244249

Total Service Time Statistics:
Min: 13
Max: 8861
Mean: 2368.9358752166377
Std: 2293.954426317463
