iteration: 53
System used: single
Number of floors: 20
Number of passengers: 1199
traffic: high
Waiting Time Statistics:
Min: 3
Max: 9068
Mean: 2461.371976647206
Std: 2341.2417182029217

Total Service Time Statistics:
Min: 14
Max: 9081
Mean: 2499.5487906588824
Std: 2338.513990811649
