iteration: 6
System used: single
Number of floors: 5
Number of passengers: 322
traffic: high
Waiting Time Statistics:
Min: 3
Max: 61
Mean: 16.124223602484474
Std: 10.603742220735212

Total Service Time Statistics:
Min: 7
Max: 69
Mean: 24.009316770186334
Std: 12.891951176576006
