iteration: 43
System used: single
Number of floors: 5
Number of passengers: 363
traffic: high
Waiting Time Statistics:
Min: 3
Max: 71
Mean: 19.421487603305785
Std: 14.155462057743508

Total Service Time Statistics:
Min: 7
Max: 91
Mean: 28.37741046831956
Std: 16.43699630161935
