iteration: 86
System used: single
Number of floors: 20
Number of passengers: 1155
traffic: high
Waiting Time Statistics:
Min: 3
Max: 8908
Mean: 2311.312554112554
Std: 2225.3758621968777

Total Service Time Statistics:
Min: 24
Max: 8921
Mean: 2349.89696969697
Std: 2222.5342458053683
