iteration: 55
System used: single
Number of floors: 5
Number of passengers: 340
traffic: high
Waiting Time Statistics:
Min: 3
Max: 95
Mean: 20.24411764705882
Std: 16.24687292220045

Total Service Time Statistics:
Min: 7
Max: 106
Mean: 28.888235294117646
Std: 19.15098778548544
