iteration: 88
System used: single
Number of floors: 5
Number of passengers: 318
traffic: high
Waiting Time Statistics:
Min: 3
Max: 71
Mean: 15.820754716981131
Std: 10.965501252798953

Total Service Time Statistics:
Min: 7
Max: 82
Mean: 23.540880503144653
Std: 13.464636302849396
