iteration: 11
System used: single
Number of floors: 20
Number of passengers: 1118
traffic: high
Waiting Time Statistics:
Min: 3
Max: 8619
Mean: 2241.6726296958855
Std: 2161.056885690268

Total Service Time Statistics:
Min: 17
Max: 8633
Mean: 2280.0903398926653
Std: 2159.1986045831277
