iteration: 92
System used: single
Number of floors: 5
Number of passengers: 360
traffic: high
Waiting Time Statistics:
Min: 3
Max: 79
Mean: 20.15
Std: 14.066287558643582

Total Service Time Statistics:
Min: 7
Max: 96
Mean: 28.73611111111111
Std: 16.897687415371962
