iteration: 26
System used: single
Number of floors: 20
Number of passengers: 1094
traffic: high
Waiting Time Statistics:
Min: 3
Max: 8283
Mean: 2170.666361974406
Std: 2156.1878857695497

Total Service Time Statistics:
Min: 11
Max: 8305
Mean: 2208.9561243144426
Std: 2153.996542503723
