iteration: 28
System used: N_lift
Number of floors: 5
Number of passengers: 137
traffic: moderate
Waiting Time Statistics:
Min: 0
Max: 123
Mean: 22.124087591240876
Std: 22.25535139065845

Total Service Time Statistics:
Min: 10
Max: 200
Mean: 61.22627737226277
Std: 35.84299765495469
