iteration: 15
System used: N_lift
Number of floors: 5
Number of passengers: 130
traffic: moderate
Waiting Time Statistics:
Min: 0
Max: 114
Mean: 21.130769230769232
Std: 20.944884654782577

Total Service Time Statistics:
Min: 13
Max: 150
Mean: 67.24615384615385
Std: 33.40683250415466
