iteration: 23
System used: N_lift
Number of floors: 40
Number of passengers: 794
traffic: moderate
Waiting Time Statistics:
Min: 0
Max: 4169
Mean: 627.6309823677582
Std: 736.6502032267689

Total Service Time Statistics:
Min: 13
Max: 4348
Mean: 897.0465994962217
Std: 738.365301275999
