iteration: 93
System used: N_lift
Number of floors: 40
Number of passengers: 737
traffic: moderate
Waiting Time Statistics:
Min: 0
Max: 3605
Mean: 530.9891451831751
Std: 723.4535680328104

Total Service Time Statistics:
Min: 36
Max: 3819
Mean: 784.4518317503392
Std: 716.9534357227127
