iteration: 7
System used: N_lift
Number of floors: 20
Number of passengers: 286
traffic: moderate
Waiting Time Statistics:
Min: 0
Max: 213
Mean: 33.31118881118881
Std: 35.60629277104763

Total Service Time Statistics:
Min: 7
Max: 395
Mean: 101.01748251748252
Std: 62.540566837107505
