iteration: 86
System used: N_lift
Number of floors: 20
Number of passengers: 281
traffic: moderate
Waiting Time Statistics:
Min: 0
Max: 188
Mean: 32.47686832740214
Std: 35.8583572468583

Total Service Time Statistics:
Min: 8
Max: 389
Mean: 100.97864768683274
Std: 62.704518858751925
