iteration: 82
System used: N_lift
Number of floors: 40
Number of passengers: 797
traffic: moderate
Waiting Time Statistics:
Min: 0
Max: 4153
Mean: 687.2007528230865
Std: 755.6403802542512

Total Service Time Statistics:
Min: 19
Max: 4305
Mean: 950.3525721455458
Std: 756.9134642552531
