iteration: 75
System used: N_lift
Number of floors: 20
Number of passengers: 294
traffic: moderate
Waiting Time Statistics:
Min: 0
Max: 247
Mean: 30.238095238095237
Std: 34.014318071984945

Total Service Time Statistics:
Min: 11
Max: 357
Mean: 93.9421768707483
Std: 57.57286574707207
