iteration: 98
System used: N_lift
Number of floors: 20
Number of passengers: 310
traffic: moderate
Waiting Time Statistics:
Min: 0
Max: 199
Mean: 32.54838709677419
Std: 32.85196640110376

Total Service Time Statistics:
Min: 6
Max: 285
Mean: 95.59677419354838
Std: 54.08433414507831
