iteration: 38
System used: N_lift
Number of floors: 5
Number of passengers: 123
traffic: moderate
Waiting Time Statistics:
Min: 0
Max: 122
Mean: 19.642276422764226
Std: 22.204389641816032

Total Service Time Statistics:
Min: 16
Max: 206
Mean: 63.552845528455286
Std: 34.94238894402166
