iteration: 51
System used: N_lift
Number of floors: 20
Number of passengers: 282
traffic: moderate
Waiting Time Statistics:
Min: 0
Max: 195
Mean: 32.195035460992905
Std: 33.72171402253977

Total Service Time Statistics:
Min: 8
Max: 363
Mean: 101.20212765957447
Std: 60.327619151327625
