iteration: 71
System used: N_lift
Number of floors: 40
Number of passengers: 764
traffic: moderate
Waiting Time Statistics:
Min: 0
Max: 4016
Mean: 609.2303664921466
Std: 716.3528599748164

Total Service Time Statistics:
Min: 17
Max: 4166
Mean: 868.1073298429319
Std: 722.1938935770578
