iteration: 61
System used: N_lift
Number of floors: 20
Number of passengers: 283
traffic: moderate
Waiting Time Statistics:
Min: 0
Max: 216
Mean: 34.95406360424028
Std: 38.782920256748724

Total Service Time Statistics:
Min: 8
Max: 421
Mean: 100.92932862190813
Std: 67.52563439096491
