iteration: 62
System used: N_lift
Number of floors: 40
Number of passengers: 778
traffic: moderate
Waiting Time Statistics:
Min: 0
Max: 3490
Mean: 661.7750642673521
Std: 707.655688548056

Total Service Time Statistics:
Min: 4
Max: 3714
Mean: 907.4125964010283
Std: 711.2697209237172
