iteration: 94
System used: N_lift
Number of floors: 40
Number of passengers: 774
traffic: moderate
Waiting Time Statistics:
Min: 0
Max: 4226
Mean: 588.5348837209302
Std: 774.5245827680054

Total Service Time Statistics:
Min: 19
Max: 4354
Mean: 862.6821705426356
Std: 762.4813426885889
