iteration: 18
System used: N_lift
Number of floors: 20
Number of passengers: 303
traffic: moderate
Waiting Time Statistics:
Min: 0
Max: 165
Mean: 30.3993399339934
Std: 32.515441052638955

Total Service Time Statistics:
Min: 9
Max: 412
Mean: 95.57095709570957
Std: 59.532122344183136
