iteration: 12
System used: N_lift
Number of floors: 5
Number of passengers: 130
traffic: moderate
Waiting Time Statistics:
Min: 0
Max: 90
Mean: 21.076923076923077
Std: 17.979581608041897

Total Service Time Statistics:
Min: 13
Max: 179
Mean: 68.66153846153846
Std: 29.351004326583606
