iteration: 11
System used: N_lift
Number of floors: 40
Number of passengers: 762
traffic: moderate
Waiting Time Statistics:
Min: 0
Max: 3846
Mean: 578.009186351706
Std: 699.5351628531128

Total Service Time Statistics:
Min: 33
Max: 4071
Mean: 847.9160104986877
Std: 687.5161339639996
