iteration: 27
System used: N_lift
Number of floors: 20
Number of passengers: 279
traffic: moderate
Waiting Time Statistics:
Min: 0
Max: 198
Mean: 36.9426523297491
Std: 40.98390113998509

Total Service Time Statistics:
Min: 11
Max: 364
Mean: 102.4336917562724
Std: 63.285879955875906
