iteration: 34
System used: N_lift
Number of floors: 20
Number of passengers: 265
traffic: moderate
Waiting Time Statistics:
Min: 0
Max: 165
Mean: 32.48301886792453
Std: 33.14249387029927

Total Service Time Statistics:
Min: 8
Max: 346
Mean: 101.47547169811321
Std: 56.45828745048021
