iteration: 2
System used: N_lift
Number of floors: 5
Number of passengers: 139
traffic: moderate
Waiting Time Statistics:
Min: 0
Max: 162
Mean: 23.58273381294964
Std: 25.73158530536317

Total Service Time Statistics:
Min: 13
Max: 212
Mean: 74.74820143884892
Std: 38.11122044166693
