iteration: 88
System used: N_lift
Number of floors: 5
Number of passengers: 149
traffic: moderate
Waiting Time Statistics:
Min: 0
Max: 223
Mean: 20.879194630872483
Std: 26.77128169646202

Total Service Time Statistics:
Min: 17
Max: 271
Mean: 62.52348993288591
Std: 35.79305834342619
