iteration: 57
System used: N_lift
Number of floors: 20
Number of passengers: 293
traffic: moderate
Waiting Time Statistics:
Min: 0
Max: 184
Mean: 29.53924914675768
Std: 31.30401078480377

Total Service Time Statistics:
Min: 7
Max: 339
Mean: 95.66894197952219
Std: 58.100965715101886
