iteration: 77
System used: N_lift
Number of floors: 5
Number of passengers: 134
traffic: moderate
Waiting Time Statistics:
Min: 0
Max: 164
Mean: 23.01492537313433
Std: 22.63239579602816

Total Service Time Statistics:
Min: 17
Max: 202
Mean: 69.82835820895522
Std: 33.43595069364733
