iteration: 3
System used: N_lift
Number of floors: 40
Number of passengers: 764
traffic: moderate
Waiting Time Statistics:
Min: 0
Max: 3553
Mean: 579.1086387434555
Std: 603.9548970502805

Total Service Time Statistics:
Min: 17
Max: 3564
Mean: 835.988219895288
Std: 617.6641523542638
