iteration: 47
System used: N_lift
Number of floors: 5
Number of passengers: 115
traffic: moderate
Waiting Time Statistics:
Min: 0
Max: 118
Mean: 23.895652173913042
Std: 24.850208765067336

Total Service Time Statistics:
Min: 16
Max: 215
Mean: 67.49565217391304
Std: 37.712293568460474
