iteration: 15
System used: N_lift
Number of floors: 20
Number of passengers: 282
traffic: moderate
Waiting Time Statistics:
Min: 0
Max: 218
Mean: 34.709219858156025
Std: 35.617888865265364

Total Service Time Statistics:
Min: 5
Max: 310
Mean: 105.14539007092199
Std: 59.6155249492266
