iteration: 66
System used: N_lift
Number of floors: 5
Number of passengers: 142
traffic: moderate
Waiting Time Statistics:
Min: 0
Max: 119
Mean: 21.091549295774648
Std: 21.27959930353082

Total Service Time Statistics:
Min: 13
Max: 183
Mean: 66.61971830985915
Std: 34.447973392379325
