iteration: 59
System used: N_lift
Number of floors: 5
Number of passengers: 150
traffic: moderate
Waiting Time Statistics:
Min: 0
Max: 95
Mean: 18.18
Std: 15.999190415759529

Total Service Time Statistics:
Min: 13
Max: 156
Mean: 62.42
Std: 30.020187838392168
