iteration: 6
System used: N_lift
Number of floors: 20
Number of passengers: 285
traffic: moderate
Waiting Time Statistics:
Min: 0
Max: 187
Mean: 34.34736842105263
Std: 35.82845525666124

Total Service Time Statistics:
Min: 13
Max: 311
Mean: 98.19649122807017
Std: 59.173562940095564
