iteration: 86
System used: N_lift
Number of floors: 5
Number of passengers: 150
traffic: moderate
Waiting Time Statistics:
Min: 0
Max: 101
Mean: 22.0
Std: 21.904919615367337

Total Service Time Statistics:
Min: 13
Max: 180
Mean: 70.36666666666666
Std: 34.33440301541671
