iteration: 76
System used: N_lift
Number of floors: 5
Number of passengers: 134
traffic: moderate
Waiting Time Statistics:
Min: 0
Max: 112
Mean: 25.104477611940297
Std: 24.677550193640478

Total Service Time Statistics:
Min: 17
Max: 188
Mean: 68.65671641791045
Std: 36.82453915358431
