iteration: 37
System used: N_lift
Number of floors: 5
Number of passengers: 134
traffic: moderate
Waiting Time Statistics:
Min: 0
Max: 97
Mean: 18.64179104477612
Std: 18.678282586390594

Total Service Time Statistics:
Min: 13
Max: 182
Mean: 65.34328358208955
Std: 31.77271361546579
