iteration: 87
System used: N_lift
Number of floors: 20
Number of passengers: 279
traffic: moderate
Waiting Time Statistics:
Min: 0
Max: 329
Mean: 36.53763440860215
Std: 40.03790267357864

Total Service Time Statistics:
Min: 5
Max: 540
Mean: 108.08602150537635
Std: 74.69188353341559
