iteration: 67
System used: N_lift
Number of floors: 40
Number of passengers: 778
traffic: moderate
Waiting Time Statistics:
Min: 0
Max: 3629
Mean: 664.219794344473
Std: 673.3178318760189

Total Service Time Statistics:
Min: 17
Max: 3847
Mean: 907.8624678663239
Std: 684.9960255820047
