iteration: 52
System used: N_lift
Number of floors: 40
Number of passengers: 764
traffic: moderate
Waiting Time Statistics:
Min: 0
Max: 4075
Mean: 633.812827225131
Std: 748.0256478896812

Total Service Time Statistics:
Min: 20
Max: 4124
Mean: 891.3717277486911
Std: 746.770051884978
