iteration: 17
System used: N_lift
Number of floors: 20
Number of passengers: 313
traffic: moderate
Waiting Time Statistics:
Min: 0
Max: 217
Mean: 30.82108626198083
Std: 32.59483111603617

Total Service Time Statistics:
Min: 11
Max: 287
Mean: 91.05111821086263
Std: 52.935531124910476
