iteration: 55
System used: N_lift
Number of floors: 20
Number of passengers: 279
traffic: moderate
Waiting Time Statistics:
Min: 0
Max: 178
Mean: 35.31182795698925
Std: 35.40372856475489

Total Service Time Statistics:
Min: 4
Max: 267
Mean: 96.98924731182795
Std: 56.861910470727786
