iteration: 50
System used: N_lift
Number of floors: 20
Number of passengers: 302
traffic: moderate
Waiting Time Statistics:
Min: 0
Max: 200
Mean: 32.75496688741722
Std: 36.145601991865924

Total Service Time Statistics:
Min: 7
Max: 348
Mean: 93.88741721854305
Std: 55.58054142713668
