iteration: 46
System used: N_lift
Number of floors: 40
Number of passengers: 781
traffic: moderate
Waiting Time Statistics:
Min: 0
Max: 4216
Mean: 595.0153649167734
Std: 759.8572806409793

Total Service Time Statistics:
Min: 13
Max: 4405
Mean: 860.4174135723431
Std: 756.1690506988765
