iteration: 5
System used: N_lift
Number of floors: 40
Number of passengers: 800
traffic: moderate
Waiting Time Statistics:
Min: 0
Max: 4015
Mean: 677.66625
Std: 745.6991443459522

Total Service Time Statistics:
Min: 10
Max: 4184
Mean: 929.26375
Std: 755.4424172252418
