iteration: 20
System used: N_lift
Number of floors: 5
Number of passengers: 142
traffic: moderate
Waiting Time Statistics:
Min: 0
Max: 113
Mean: 20.345070422535212
Std: 19.009906254650712

Total Service Time Statistics:
Min: 18
Max: 185
Mean: 65.66197183098592
Std: 31.72753850569575
