iteration: 8
System used: N_lift
Number of floors: 40
Number of passengers: 815
traffic: moderate
Waiting Time Statistics:
Min: 0
Max: 4703
Mean: 715.0024539877301
Std: 912.4359113807736

Total Service Time Statistics:
Min: 14
Max: 4898
Mean: 975.1104294478528
Std: 892.7844360288867
