iteration: 99
System used: N_lift
Number of floors: 40
Number of passengers: 789
traffic: moderate
Waiting Time Statistics:
Min: 0
Max: 4159
Mean: 672.2256020278834
Std: 796.4823917125673

Total Service Time Statistics:
Min: 13
Max: 4332
Mean: 928.7617237008872
Std: 790.1978862902208
