iteration: 99
System used: N_lift
Number of floors: 20
Number of passengers: 257
traffic: moderate
Waiting Time Statistics:
Min: 0
Max: 167
Mean: 32.87937743190661
Std: 35.22568203187689

Total Service Time Statistics:
Min: 15
Max: 408
Mean: 101.08949416342412
Std: 61.527589772871444
