iteration: 92
System used: N_lift
Number of floors: 5
Number of passengers: 151
traffic: moderate
Waiting Time Statistics:
Min: 0
Max: 107
Mean: 21.33112582781457
Std: 20.536705952774618

Total Service Time Statistics:
Min: 13
Max: 217
Mean: 70.27152317880795
Std: 32.96461411368953
