iteration: 21
System used: N_lift
Number of floors: 40
Number of passengers: 798
traffic: moderate
Waiting Time Statistics:
Min: 0
Max: 4499
Mean: 701.0701754385965
Std: 765.7140114889066

Total Service Time Statistics:
Min: 13
Max: 4612
Mean: 955.359649122807
Std: 776.50057243837
