iteration: 27
System used: N_lift
Number of floors: 5
Number of passengers: 150
traffic: moderate
Waiting Time Statistics:
Min: 0
Max: 114
Mean: 22.753333333333334
Std: 21.947446891516297

Total Service Time Statistics:
Min: 7
Max: 205
Mean: 68.94
Std: 35.25577300530145
