iteration: 75
System used: N_lift
Number of floors: 40
Number of passengers: 795
traffic: moderate
Waiting Time Statistics:
Min: 0
Max: 3893
Mean: 720.9421383647799
Std: 790.7592860896312

Total Service Time Statistics:
Min: 16
Max: 4073
Mean: 969.5685534591195
Std: 792.4151131852093
