iteration: 64
System used: N_lift
Number of floors: 40
Number of passengers: 779
traffic: moderate
Waiting Time Statistics:
Min: 0
Max: 4135
Mean: 674.8844672657253
Std: 824.8580602381935

Total Service Time Statistics:
Min: 20
Max: 4336
Mean: 930.5263157894736
Std: 819.0381218238114
