iteration: 46
System used: N_lift
Number of floors: 5
Number of passengers: 135
traffic: moderate
Waiting Time Statistics:
Min: 0
Max: 109
Mean: 19.066666666666666
Std: 19.412336437692122

Total Service Time Statistics:
Min: 16
Max: 183
Mean: 65.99259259259259
Std: 33.72839193221018
