iteration: 49
System used: N_lift
Number of floors: 20
Number of passengers: 328
traffic: moderate
Waiting Time Statistics:
Min: 0
Max: 178
Mean: 31.478658536585368
Std: 34.77344106785465

Total Service Time Statistics:
Min: 16
Max: 385
Mean: 97.3079268292683
Std: 57.957431900562945
