iteration: 95
System used: N_lift
Number of floors: 5
Number of passengers: 143
traffic: moderate
Waiting Time Statistics:
Min: 0
Max: 128
Mean: 21.44055944055944
Std: 21.3150817390874

Total Service Time Statistics:
Min: 16
Max: 193
Mean: 69.76223776223776
Std: 33.6198629338305
