iteration: 89
System used: N_lift
Number of floors: 5
Number of passengers: 123
traffic: moderate
Waiting Time Statistics:
Min: 0
Max: 94
Mean: 19.536585365853657
Std: 18.774019667460944

Total Service Time Statistics:
Min: 13
Max: 192
Mean: 64.82926829268293
Std: 32.86976469990969
