iteration: 63
System used: N_lift
Number of floors: 5
Number of passengers: 129
traffic: moderate
Waiting Time Statistics:
Min: 0
Max: 135
Mean: 21.62015503875969
Std: 21.33372982159414

Total Service Time Statistics:
Min: 16
Max: 157
Mean: 60.93023255813954
Std: 29.867464019845144
