iteration: 21
System used: N_lift
Number of floors: 5
Number of passengers: 142
traffic: moderate
Waiting Time Statistics:
Min: 0
Max: 100
Mean: 15.232394366197184
Std: 14.65424949524554

Total Service Time Statistics:
Min: 16
Max: 182
Mean: 61.2112676056338
Std: 29.434584518176344
