iteration: 40
System used: N_lift
Number of floors: 20
Number of passengers: 308
traffic: moderate
Waiting Time Statistics:
Min: 0
Max: 188
Mean: 31.75
Std: 30.29215774498254

Total Service Time Statistics:
Min: 12
Max: 420
Mean: 97.69155844155844
Std: 58.92046474946536
