iteration: 84
System used: N_lift
Number of floors: 40
Number of passengers: 778
traffic: moderate
Waiting Time Statistics:
Min: 0
Max: 4587
Mean: 650.7120822622107
Std: 806.5875761665866

Total Service Time Statistics:
Min: 16
Max: 4669
Mean: 912.1105398457584
Std: 795.7222183457475
