iteration: 53
System used: N_lift
Number of floors: 5
Number of passengers: 134
traffic: moderate
Waiting Time Statistics:
Min: 0
Max: 92
Mean: 19.059701492537314
Std: 18.609061255541047

Total Service Time Statistics:
Min: 13
Max: 186
Mean: 64.28358208955224
Std: 32.83305045392146
