iteration: 29
System used: N_lift
Number of floors: 5
Number of passengers: 156
traffic: moderate
Waiting Time Statistics:
Min: 0
Max: 131
Mean: 20.21794871794872
Std: 21.93547572130438

Total Service Time Statistics:
Min: 10
Max: 200
Mean: 64.71794871794872
Std: 32.77682006890863
