iteration: 58
System used: N_lift
Number of floors: 20
Number of passengers: 315
traffic: moderate
Waiting Time Statistics:
Min: 0
Max: 195
Mean: 31.56825396825397
Std: 32.00424347559006

Total Service Time Statistics:
Min: 7
Max: 311
Mean: 98.60317460317461
Std: 56.45688837216296
