iteration: 56
System used: N_lift
Number of floors: 40
Number of passengers: 767
traffic: moderate
Waiting Time Statistics:
Min: 0
Max: 3076
Mean: 555.9882659713168
Std: 588.6063782618569

Total Service Time Statistics:
Min: 16
Max: 3310
Mean: 806.5410691003912
Std: 612.1760831096659
