iteration: 98
System used: N_lift
Number of floors: 5
Number of passengers: 126
traffic: moderate
Waiting Time Statistics:
Min: 0
Max: 200
Mean: 22.96031746031746
Std: 27.44052500770371

Total Service Time Statistics:
Min: 13
Max: 241
Mean: 72.63492063492063
Std: 38.71673605553096
