iteration: 14
System used: N_lift
Number of floors: 40
Number of passengers: 760
traffic: moderate
Waiting Time Statistics:
Min: 0
Max: 3719
Mean: 616.8407894736843
Std: 720.0409223251327

Total Service Time Statistics:
Min: 24
Max: 3828
Mean: 871.0828947368421
Std: 712.2257341694534
