iteration: 45
System used: N_lift
Number of floors: 5
Number of passengers: 131
traffic: moderate
Waiting Time Statistics:
Min: 0
Max: 113
Mean: 20.442748091603054
Std: 21.700818951346765

Total Service Time Statistics:
Min: 16
Max: 223
Mean: 66.23664122137404
Std: 37.75260196046985
