iteration: 73
System used: N_lift
Number of floors: 5
Number of passengers: 128
traffic: moderate
Waiting Time Statistics:
Min: 0
Max: 80
Mean: 18.78125
Std: 15.85710675519558

Total Service Time Statistics:
Min: 19
Max: 153
Mean: 68.2734375
Std: 31.261083664359408
