iteration: 17
System used: N_lift
Number of floors: 5
Number of passengers: 133
traffic: moderate
Waiting Time Statistics:
Min: 0
Max: 105
Mean: 21.69924812030075
Std: 21.76004991165385

Total Service Time Statistics:
Min: 19
Max: 167
Mean: 65.57894736842105
Std: 32.56001696781159
