iteration: 83
System used: N_lift
Number of floors: 40
Number of passengers: 749
traffic: moderate
Waiting Time Statistics:
Min: 0
Max: 3669
Mean: 451.13751668891854
Std: 604.1609075295033

Total Service Time Statistics:
Min: 24
Max: 3764
Mean: 707.6368491321763
Std: 605.636580310651
