iteration: 66
System used: N_lift
Number of floors: 20
Number of passengers: 263
traffic: moderate
Waiting Time Statistics:
Min: 0
Max: 225
Mean: 36.346007604562736
Std: 41.049844645873186

Total Service Time Statistics:
Min: 10
Max: 337
Mean: 99.7148288973384
Std: 64.64954296217958
