iteration: 47
System used: N_lift
Number of floors: 20
Number of passengers: 321
traffic: moderate
Waiting Time Statistics:
Min: 0
Max: 166
Mean: 29.80373831775701
Std: 30.951304269469944

Total Service Time Statistics:
Min: 13
Max: 303
Mean: 95.13084112149532
Std: 54.1671171201016
