iteration: 1
System used: N_lift
Number of floors: 5
Number of passengers: 126
traffic: moderate
Waiting Time Statistics:
Min: 0
Max: 113
Mean: 22.873015873015873
Std: 22.60618822428377

Total Service Time Statistics:
Min: 13
Max: 179
Mean: 62.388888888888886
Std: 32.96906967986139
