iteration: 33
System used: N_lift
Number of floors: 40
Number of passengers: 748
traffic: moderate
Waiting Time Statistics:
Min: 0
Max: 4113
Mean: 533.9558823529412
Std: 598.6585490010073

Total Service Time Statistics:
Min: 34
Max: 4259
Mean: 799.6978609625669
Std: 604.055499498737
