iteration: 30
System used: N_lift
Number of floors: 20
Number of passengers: 290
traffic: moderate
Waiting Time Statistics:
Min: 0
Max: 188
Mean: 31.279310344827586
Std: 30.40160120658308

Total Service Time Statistics:
Min: 7
Max: 321
Mean: 102.15862068965517
Std: 62.41840912262086
