iteration: 34
System used: N_lift
Number of floors: 5
Number of passengers: 145
traffic: moderate
Waiting Time Statistics:
Min: 0
Max: 105
Mean: 19.386206896551723
Std: 18.218270060153195

Total Service Time Statistics:
Min: 17
Max: 184
Mean: 66.17241379310344
Std: 33.492193291784474
