iteration: 84
System used: N_lift
Number of floors: 5
Number of passengers: 132
traffic: moderate
Waiting Time Statistics:
Min: 0
Max: 104
Mean: 21.507575757575758
Std: 21.785034506039498

Total Service Time Statistics:
Min: 15
Max: 165
Mean: 64.87878787878788
Std: 30.918763369360992
