iteration: 62
System used: N_lift
Number of floors: 5
Number of passengers: 104
traffic: moderate
Waiting Time Statistics:
Min: 0
Max: 151
Mean: 19.51923076923077
Std: 21.422690433789047

Total Service Time Statistics:
Min: 15
Max: 167
Mean: 67.58653846153847
Std: 29.93540313269479
