iteration: 41
System used: N_lift
Number of floors: 5
Number of passengers: 143
traffic: moderate
Waiting Time Statistics:
Min: 0
Max: 102
Mean: 19.937062937062937
Std: 20.29091824299478

Total Service Time Statistics:
Min: 10
Max: 194
Mean: 64.22377622377623
Std: 33.52892793059336
