iteration: 0
System used: N_lift
Number of floors: 5
Number of passengers: 129
traffic: moderate
Waiting Time Statistics:
Min: 0
Max: 93
Mean: 19.13953488372093
Std: 16.21907836182367

Total Service Time Statistics:
Min: 13
Max: 165
Mean: 66.70542635658914
Std: 30.7305332438214
