iteration: 65
System used: N_lift
Number of floors: 20
Number of passengers: 298
traffic: moderate
Waiting Time Statistics:
Min: 0
Max: 214
Mean: 34.13422818791946
Std: 34.96128839787426

Total Service Time Statistics:
Min: 6
Max: 308
Mean: 99.69798657718121
Std: 57.456434053239825
