iteration: 93
System used: N_lift
Number of floors: 20
Number of passengers: 278
traffic: moderate
Waiting Time Statistics:
Min: 0
Max: 202
Mean: 34.197841726618705
Std: 35.86537798888126

Total Service Time Statistics:
Min: 8
Max: 385
Mean: 96.93165467625899
Std: 60.18064567199034
