iteration: 54
System used: N_lift
Number of floors: 5
Number of passengers: 128
traffic: moderate
Waiting Time Statistics:
Min: 0
Max: 122
Mean: 17.359375
Std: 16.383078640720477

Total Service Time Statistics:
Min: 18
Max: 207
Mean: 62.578125
Std: 31.310889498401387
