iteration: 14
System used: N_lift
Number of floors: 20
Number of passengers: 279
traffic: moderate
Waiting Time Statistics:
Min: 0
Max: 172
Mean: 30.415770609318997
Std: 31.505496300738123

Total Service Time Statistics:
Min: 10
Max: 304
Mean: 98.19713261648745
Std: 57.659636322242655
