iteration: 19
System used: N_lift
Number of floors: 40
Number of passengers: 752
traffic: moderate
Waiting Time Statistics:
Min: 0
Max: 3738
Mean: 623.3284574468086
Std: 695.6973298748201

Total Service Time Statistics:
Min: 23
Max: 3931
Mean: 876.5345744680851
Std: 696.443880507604
