iteration: 43
System used: N_lift
Number of floors: 20
Number of passengers: 274
traffic: moderate
Waiting Time Statistics:
Min: 0
Max: 229
Mean: 34.12408759124087
Std: 35.937663827785094

Total Service Time Statistics:
Min: 11
Max: 354
Mean: 99.78102189781022
Std: 60.514487149738414
