iteration: 70
System used: N_lift
Number of floors: 5
Number of passengers: 132
traffic: moderate
Waiting Time Statistics:
Min: 0
Max: 111
Mean: 20.46212121212121
Std: 19.519184261765076

Total Service Time Statistics:
Min: 16
Max: 149
Mean: 67.61363636363636
Std: 30.66256830522952
