iteration: 44
System used: N_lift
Number of floors: 20
Number of passengers: 288
traffic: moderate
Waiting Time Statistics:
Min: 0
Max: 182
Mean: 33.81597222222222
Std: 36.59350328508032

Total Service Time Statistics:
Min: 7
Max: 299
Mean: 99.00694444444444
Std: 54.78421356683214
