iteration: 31
System used: N_lift
Number of floors: 40
Number of passengers: 752
traffic: moderate
Waiting Time Statistics:
Min: 0
Max: 3570
Mean: 563.4308510638298
Std: 602.8287980783739

Total Service Time Statistics:
Min: 23
Max: 3662
Mean: 827.9109042553191
Std: 614.9672038613226
