iteration: 18
System used: N_lift
Number of floors: 40
Number of passengers: 805
traffic: moderate
Waiting Time Statistics:
Min: 0
Max: 4465
Mean: 711.8099378881988
Std: 825.0254435398826

Total Service Time Statistics:
Min: 23
Max: 4657
Mean: 987.1850931677019
Std: 821.5441227034944
