iteration: 19
System used: N_lift
Number of floors: 20
Number of passengers: 273
traffic: moderate
Waiting Time Statistics:
Min: 0
Max: 209
Mean: 36.3992673992674
Std: 41.34589921400022

Total Service Time Statistics:
Min: 18
Max: 319
Mean: 97.02197802197803
Std: 59.86878630817749
