iteration: 42
System used: N_lift
Number of floors: 5
Number of passengers: 131
traffic: moderate
Waiting Time Statistics:
Min: 0
Max: 92
Mean: 20.69465648854962
Std: 20.545968397257216

Total Service Time Statistics:
Min: 15
Max: 183
Mean: 67.6030534351145
Std: 33.475979767200926
