iteration: 99
System used: N_lift
Number of floors: 5
Number of passengers: 127
traffic: moderate
Waiting Time Statistics:
Min: 0
Max: 125
Mean: 20.637795275590552
Std: 21.245230759425688

Total Service Time Statistics:
Min: 13
Max: 189
Mean: 68.26771653543307
Std: 34.867879615362206
