iteration: 76
System used: N_lift
Number of floors: 40
Number of passengers: 810
traffic: moderate
Waiting Time Statistics:
Min: 0
Max: 4657
Mean: 735.5135802469135
Std: 905.4743632129339

Total Service Time Statistics:
Min: 16
Max: 4682
Mean: 995.3024691358024
Std: 890.6152474720734
