iteration: 91
System used: N_lift
Number of floors: 20
Number of passengers: 257
traffic: moderate
Waiting Time Statistics:
Min: 0
Max: 205
Mean: 33.37743190661479
Std: 37.994057363509285

Total Service Time Statistics:
Min: 10
Max: 431
Mean: 103.22568093385215
Std: 67.11059291694139
