iteration: 11
System used: N_lift
Number of floors: 20
Number of passengers: 304
traffic: moderate
Waiting Time Statistics:
Min: 0
Max: 242
Mean: 34.38157894736842
Std: 36.96871109653353

Total Service Time Statistics:
Min: 5
Max: 352
Mean: 98.54934210526316
Std: 57.8478503917413
