iteration: 81
System used: N_lift
Number of floors: 40
Number of passengers: 767
traffic: moderate
Waiting Time Statistics:
Min: 0
Max: 3848
Mean: 522.2724902216428
Std: 697.2023149343352

Total Service Time Statistics:
Min: 34
Max: 4041
Mean: 765.9009126466754
Std: 691.4084543475668
