iteration: 80
System used: N_lift
Number of floors: 20
Number of passengers: 290
traffic: moderate
Waiting Time Statistics:
Min: 0
Max: 205
Mean: 32.148275862068964
Std: 32.88864635859614

Total Service Time Statistics:
Min: 11
Max: 405
Mean: 100.51724137931035
Std: 65.07484149672503
