iteration: 32
System used: N_lift
Number of floors: 20
Number of passengers: 302
traffic: moderate
Waiting Time Statistics:
Min: 0
Max: 259
Mean: 37.294701986754966
Std: 39.887248544146544

Total Service Time Statistics:
Min: 11
Max: 338
Mean: 101.33774834437087
Std: 61.14889919413159
