iteration: 96
System used: N_lift
Number of floors: 5
Number of passengers: 132
traffic: moderate
Waiting Time Statistics:
Min: 0
Max: 85
Mean: 17.901515151515152
Std: 16.23344011106282

Total Service Time Statistics:
Min: 16
Max: 160
Mean: 66.21212121212122
Std: 31.274707558515903
