iteration: 37
System used: N_lift
Number of floors: 20
Number of passengers: 283
traffic: moderate
Waiting Time Statistics:
Min: 0
Max: 210
Mean: 33.32155477031802
Std: 34.07936807029396

Total Service Time Statistics:
Min: 9
Max: 286
Mean: 99.97526501766785
Std: 56.1565954790558
