iteration: 47
System used: N_lift
Number of floors: 40
Number of passengers: 775
traffic: moderate
Waiting Time Statistics:
Min: 0
Max: 4652
Mean: 684.0129032258064
Std: 727.5497531056858

Total Service Time Statistics:
Min: 29
Max: 4722
Mean: 932.7561290322581
Std: 740.1678129684547
