iteration: 89
System used: N_lift
Number of floors: 40
Number of passengers: 779
traffic: moderate
Waiting Time Statistics:
Min: 0
Max: 3829
Mean: 595.219512195122
Std: 741.3259185825285

Total Service Time Statistics:
Min: 17
Max: 3989
Mean: 857.8870346598203
Std: 738.6846783712762
