iteration: 97
System used: N_lift
Number of floors: 20
Number of passengers: 296
traffic: moderate
Waiting Time Statistics:
Min: 0
Max: 393
Mean: 34.48986486486486
Std: 40.46241066214229

Total Service Time Statistics:
Min: 14
Max: 535
Mean: 95.64864864864865
Std: 57.46466738934159
