iteration: 68
System used: N_lift
Number of floors: 5
Number of passengers: 142
traffic: moderate
Waiting Time Statistics:
Min: 0
Max: 145
Mean: 25.823943661971832
Std: 25.608702891201915

Total Service Time Statistics:
Min: 16
Max: 189
Mean: 71.61267605633803
Std: 37.76163548859807
