iteration: 58
System used: N_lift
Number of floors: 5
Number of passengers: 150
traffic: moderate
Waiting Time Statistics:
Min: 0
Max: 141
Mean: 21.873333333333335
Std: 24.89071325342008

Total Service Time Statistics:
Min: 16
Max: 169
Mean: 67.36
Std: 32.91381464720965
