iteration: 59
System used: N_lift
Number of floors: 40
Number of passengers: 785
traffic: moderate
Waiting Time Statistics:
Min: 0
Max: 4074
Mean: 690.9222929936305
Std: 780.7273935802255

Total Service Time Statistics:
Min: 30
Max: 4244
Mean: 945.0636942675159
Std: 778.6697782043977
