iteration: 7
System used: N_lift
Number of floors: 5
Number of passengers: 119
traffic: moderate
Waiting Time Statistics:
Min: 0
Max: 120
Mean: 22.756302521008404
Std: 23.472293940366363

Total Service Time Statistics:
Min: 13
Max: 195
Mean: 73.36134453781513
Std: 37.681027706584054
