iteration: 95
System used: N_lift
Number of floors: 20
Number of passengers: 284
traffic: moderate
Waiting Time Statistics:
Min: 0
Max: 186
Mean: 30.778169014084508
Std: 31.84209187553799

Total Service Time Statistics:
Min: 10
Max: 364
Mean: 98.30633802816901
Std: 57.74215711942238
