iteration: 90
System used: N_lift
Number of floors: 40
Number of passengers: 828
traffic: moderate
Waiting Time Statistics:
Min: 0
Max: 4492
Mean: 748.9335748792271
Std: 892.2776714580556

Total Service Time Statistics:
Min: 27
Max: 4722
Mean: 1022.1521739130435
Std: 881.5012373618542
