iteration: 61
System used: N_lift
Number of floors: 5
Number of passengers: 166
traffic: moderate
Waiting Time Statistics:
Min: 0
Max: 135
Mean: 20.42168674698795
Std: 22.697814863151123

Total Service Time Statistics:
Min: 16
Max: 248
Mean: 69.78313253012048
Std: 35.1530155412439
