iteration: 16
System used: N_lift
Number of floors: 40
Number of passengers: 788
traffic: moderate
Waiting Time Statistics:
Min: 0
Max: 3971
Mean: 680.9593908629441
Std: 794.5466199403196

Total Service Time Statistics:
Min: 13
Max: 4122
Mean: 934.1941624365483
Std: 793.3894103200931
