iteration: 25
System used: N_lift
Number of floors: 5
Number of passengers: 152
traffic: moderate
Waiting Time Statistics:
Min: 0
Max: 111
Mean: 20.888157894736842
Std: 21.661009418642216

Total Service Time Statistics:
Min: 18
Max: 202
Mean: 66.92763157894737
Std: 32.30404029713615
