iteration: 42
System used: N_lift
Number of floors: 20
Number of passengers: 311
traffic: moderate
Waiting Time Statistics:
Min: 0
Max: 206
Mean: 35.569131832797424
Std: 34.40837593384995

Total Service Time Statistics:
Min: 11
Max: 422
Mean: 98.33762057877813
Std: 55.17560090262047
