iteration: 35
System used: N_lift
Number of floors: 5
Number of passengers: 138
traffic: moderate
Waiting Time Statistics:
Min: 0
Max: 101
Mean: 23.840579710144926
Std: 22.046482539448625

Total Service Time Statistics:
Min: 13
Max: 193
Mean: 70.04347826086956
Std: 37.771280474578894
