iteration: 80
System used: N_lift
Number of floors: 40
Number of passengers: 808
traffic: moderate
Waiting Time Statistics:
Min: 0
Max: 4480
Mean: 721.0891089108911
Std: 803.3593991134594

Total Service Time Statistics:
Min: 25
Max: 4542
Mean: 976.8626237623762
Std: 794.633964312005
