iteration: 36
System used: N_lift
Number of floors: 40
Number of passengers: 771
traffic: moderate
Waiting Time Statistics:
Min: 0
Max: 4257
Mean: 667.6913099870299
Std: 796.6173571280207

Total Service Time Statistics:
Min: 29
Max: 4429
Mean: 928.295719844358
Std: 792.7247393870093
