iteration: 3
System used: N_lift
Number of floors: 5
Number of passengers: 137
traffic: moderate
Waiting Time Statistics:
Min: 0
Max: 126
Mean: 20.416058394160583
Std: 22.700946577752582

Total Service Time Statistics:
Min: 13
Max: 199
Mean: 62.99270072992701
Std: 33.487815244627534
