iteration: 96
System used: N_lift
Number of floors: 20
Number of passengers: 256
traffic: moderate
Waiting Time Statistics:
Min: 0
Max: 199
Mean: 31.83984375
Std: 33.34139707917436

Total Service Time Statistics:
Min: 12
Max: 302
Mean: 101.125
Std: 61.97165702569041
