iteration: 37
System used: N_lift
Number of floors: 40
Number of passengers: 830
traffic: moderate
Waiting Time Statistics:
Min: 0
Max: 4238
Mean: 780.5783132530121
Std: 958.3315696343446

Total Service Time Statistics:
Min: 33
Max: 4371
Mean: 1044.2915662650603
Std: 945.0808719749522
