iteration: 73
System used: N_lift
Number of floors: 40
Number of passengers: 774
traffic: moderate
Waiting Time Statistics:
Min: 0
Max: 3515
Mean: 609.5503875968992
Std: 617.2058889539918

Total Service Time Statistics:
Min: 13
Max: 3942
Mean: 858.7428940568475
Std: 639.3323225640826
