iteration: 1
System used: N_lift
Number of floors: 20
Number of passengers: 277
traffic: moderate
Waiting Time Statistics:
Min: 0
Max: 215
Mean: 32.96028880866426
Std: 37.69320101576461

Total Service Time Statistics:
Min: 7
Max: 448
Mean: 98.61732851985559
Std: 66.87012712364908
