iteration: 85
System used: N_lift
Number of floors: 5
Number of passengers: 124
traffic: moderate
Waiting Time Statistics:
Min: 0
Max: 160
Mean: 24.39516129032258
Std: 26.06615054124438

Total Service Time Statistics:
Min: 8
Max: 216
Mean: 76.61290322580645
Std: 36.90896506367876
