iteration: 52
System used: N_lift
Number of floors: 20
Number of passengers: 287
traffic: moderate
Waiting Time Statistics:
Min: 0
Max: 225
Mean: 34.09059233449477
Std: 33.77536056234551

Total Service Time Statistics:
Min: 9
Max: 328
Mean: 94.41811846689896
Std: 55.0119448498936
