iteration: 50
System used: N_lift
Number of floors: 40
Number of passengers: 763
traffic: moderate
Waiting Time Statistics:
Min: 0
Max: 3368
Mean: 528.9528178243775
Std: 589.0795795576016

Total Service Time Statistics:
Min: 17
Max: 3464
Mean: 796.6408912188729
Std: 589.9978197435071
