iteration: 13
System used: N_lift
Number of floors: 40
Number of passengers: 755
traffic: moderate
Waiting Time Statistics:
Min: 0
Max: 3545
Mean: 593.4847682119205
Std: 678.4301513482438

Total Service Time Statistics:
Min: 29
Max: 3632
Mean: 841.6688741721854
Std: 686.5192886668193
