iteration: 78
System used: N_lift
Number of floors: 40
Number of passengers: 801
traffic: moderate
Waiting Time Statistics:
Min: 0
Max: 4196
Mean: 724.1310861423221
Std: 855.7695683096845

Total Service Time Statistics:
Min: 29
Max: 4499
Mean: 972.5043695380774
Std: 854.4893696198819
