iteration: 72
System used: N_lift
Number of floors: 40
Number of passengers: 795
traffic: moderate
Waiting Time Statistics:
Min: 0
Max: 3906
Mean: 679.5522012578616
Std: 763.7402895973319

Total Service Time Statistics:
Min: 32
Max: 4082
Mean: 923.4528301886793
Std: 767.9147735735122
