iteration: 25
System used: N_lift
Number of floors: 20
Number of passengers: 290
traffic: moderate
Waiting Time Statistics:
Min: 0
Max: 140
Mean: 33.55862068965517
Std: 30.86601828218389

Total Service Time Statistics:
Min: 10
Max: 306
Mean: 97.94137931034483
Std: 55.24271714351927
