iteration: 8
System used: N_lift
Number of floors: 20
Number of passengers: 291
traffic: moderate
Waiting Time Statistics:
Min: 0
Max: 232
Mean: 31.914089347079038
Std: 36.28663914054493

Total Service Time Statistics:
Min: 7
Max: 414
Mean: 99.02061855670104
Std: 63.15628879841248
