iteration: 50
System used: N_lift
Number of floors: 5
Number of passengers: 148
traffic: moderate
Waiting Time Statistics:
Min: 0
Max: 116
Mean: 19.33108108108108
Std: 19.57625540531338

Total Service Time Statistics:
Min: 17
Max: 197
Mean: 65.76351351351352
Std: 31.511224970411266
