iteration: 7
System used: N_lift
Number of floors: 40
Number of passengers: 764
traffic: moderate
Waiting Time Statistics:
Min: 0
Max: 3371
Mean: 596.7329842931937
Std: 638.633854338054

Total Service Time Statistics:
Min: 28
Max: 3515
Mean: 848.3416230366493
Std: 653.4433042101062
