iteration: 86
System used: N_lift
Number of floors: 40
Number of passengers: 778
traffic: moderate
Waiting Time Statistics:
Min: 0
Max: 4020
Mean: 617.340616966581
Std: 776.4630088012465

Total Service Time Statistics:
Min: 13
Max: 4237
Mean: 879.7133676092545
Std: 774.5424165655309
