iteration: 49
System used: N_lift
Number of floors: 40
Number of passengers: 761
traffic: moderate
Waiting Time Statistics:
Min: 0
Max: 4313
Mean: 586.9894875164258
Std: 705.8829278174102

Total Service Time Statistics:
Min: 19
Max: 4436
Mean: 851.9618922470434
Std: 703.7597918313605
