iteration: 20
System used: N_lift
Number of floors: 20
Number of passengers: 298
traffic: moderate
Waiting Time Statistics:
Min: 0
Max: 210
Mean: 31.956375838926174
Std: 35.05543627471292

Total Service Time Statistics:
Min: 14
Max: 351
Mean: 94.74832214765101
Std: 56.93561027787489
