iteration: 18
System used: N_lift
Number of floors: 5
Number of passengers: 154
traffic: moderate
Waiting Time Statistics:
Min: 0
Max: 116
Mean: 16.584415584415584
Std: 16.66458861503979

Total Service Time Statistics:
Min: 13
Max: 179
Mean: 66.95454545454545
Std: 30.558278385678296
