iteration: 44
System used: N_lift
Number of floors: 40
Number of passengers: 776
traffic: moderate
Waiting Time Statistics:
Min: 0
Max: 3420
Mean: 613.6288659793814
Std: 658.9710582644706

Total Service Time Statistics:
Min: 23
Max: 3549
Mean: 854.9291237113403
Std: 671.9017834348805
