iteration: 88
System used: N_lift
Number of floors: 20
Number of passengers: 284
traffic: moderate
Waiting Time Statistics:
Min: 0
Max: 194
Mean: 29.711267605633804
Std: 31.774065693334208

Total Service Time Statistics:
Min: 7
Max: 434
Mean: 97.22535211267606
Std: 60.33515279188202
