iteration: 51
System used: N_lift
Number of floors: 40
Number of passengers: 784
traffic: moderate
Waiting Time Statistics:
Min: 0
Max: 3699
Mean: 650.077806122449
Std: 710.6757817284972

Total Service Time Statistics:
Min: 19
Max: 3807
Mean: 907.0369897959183
Std: 725.723691238369
