iteration: 53
System used: N_lift
Number of floors: 20
Number of passengers: 292
traffic: moderate
Waiting Time Statistics:
Min: 0
Max: 191
Mean: 31.681506849315067
Std: 31.758613850975106

Total Service Time Statistics:
Min: 10
Max: 325
Mean: 95.09931506849315
Std: 54.1384289028167
