iteration: 24
System used: N_lift
Number of floors: 40
Number of passengers: 804
traffic: moderate
Waiting Time Statistics:
Min: 0
Max: 4811
Mean: 703.8980099502487
Std: 904.0362651263122

Total Service Time Statistics:
Min: 20
Max: 5088
Mean: 971.9067164179105
Std: 891.8519009371147
