iteration: 95
System used: N_lift
Number of floors: 40
Number of passengers: 797
traffic: moderate
Waiting Time Statistics:
Min: 0
Max: 4676
Mean: 689.780426599749
Std: 839.380778415964

Total Service Time Statistics:
Min: 10
Max: 4704
Mean: 946.4115432873275
Std: 831.4847643426317
