iteration: 93
System used: N_lift
Number of floors: 5
Number of passengers: 131
traffic: moderate
Waiting Time Statistics:
Min: 0
Max: 162
Mean: 18.442748091603054
Std: 22.643103995339207

Total Service Time Statistics:
Min: 19
Max: 240
Mean: 65.83206106870229
Std: 35.96604224751575
