iteration: 74
System used: N_lift
Number of floors: 20
Number of passengers: 263
traffic: moderate
Waiting Time Statistics:
Min: 0
Max: 223
Mean: 35.21673003802282
Std: 36.968866950688145

Total Service Time Statistics:
Min: 5
Max: 307
Mean: 98.29277566539923
Std: 60.80831025825951
