iteration: 4
System used: N_lift
Number of floors: 5
Number of passengers: 146
traffic: moderate
Waiting Time Statistics:
Min: 0
Max: 95
Mean: 20.301369863013697
Std: 18.356383785940537

Total Service Time Statistics:
Min: 19
Max: 174
Mean: 66.41095890410959
Std: 31.786067482007166
