iteration: 82
System used: N_lift
Number of floors: 5
Number of passengers: 146
traffic: moderate
Waiting Time Statistics:
Min: 0
Max: 144
Mean: 20.47945205479452
Std: 19.945518614494176

Total Service Time Statistics:
Min: 14
Max: 232
Mean: 66.14383561643835
Std: 35.41633944480066
