iteration: 56
System used: N_lift
Number of floors: 5
Number of passengers: 100
traffic: moderate
Waiting Time Statistics:
Min: 0
Max: 120
Mean: 22.86
Std: 20.069082709682593

Total Service Time Statistics:
Min: 20
Max: 158
Mean: 68.75
Std: 32.49440511282464
