iteration: 85
System used: N_lift
Number of floors: 20
Number of passengers: 295
traffic: moderate
Waiting Time Statistics:
Min: 0
Max: 199
Mean: 34.172881355932205
Std: 35.57268036862453

Total Service Time Statistics:
Min: 11
Max: 361
Mean: 100.44745762711864
Std: 60.2298018644425
