iteration: 45
System used: N_lift
Number of floors: 20
Number of passengers: 276
traffic: moderate
Waiting Time Statistics:
Min: 0
Max: 235
Mean: 33.268115942028984
Std: 39.6023029367228

Total Service Time Statistics:
Min: 10
Max: 320
Mean: 100.3768115942029
Std: 62.34014645750005
