iteration: 29
System used: N_lift
Number of floors: 40
Number of passengers: 798
traffic: moderate
Waiting Time Statistics:
Min: 0
Max: 4091
Mean: 676.5588972431078
Std: 809.6687355919199

Total Service Time Statistics:
Min: 16
Max: 4224
Mean: 934.3245614035088
Std: 812.832586838517
