iteration: 44
System used: N_lift
Number of floors: 5
Number of passengers: 145
traffic: moderate
Waiting Time Statistics:
Min: 0
Max: 109
Mean: 20.813793103448276
Std: 21.16928665113701

Total Service Time Statistics:
Min: 13
Max: 186
Mean: 67.0551724137931
Std: 34.646785026084
