iteration: 48
System used: N_lift
Number of floors: 5
Number of passengers: 120
traffic: moderate
Waiting Time Statistics:
Min: 0
Max: 131
Mean: 22.075
Std: 23.339713513467903

Total Service Time Statistics:
Min: 19
Max: 200
Mean: 66.725
Std: 37.68867660900042
