iteration: 10
System used: N_lift
Number of floors: 20
Number of passengers: 318
traffic: moderate
Waiting Time Statistics:
Min: 0
Max: 191
Mean: 32.72641509433962
Std: 33.213257876634664

Total Service Time Statistics:
Min: 9
Max: 429
Mean: 99.95597484276729
Std: 59.761813864417604
