iteration: 30
System used: N_lift
Number of floors: 40
Number of passengers: 786
traffic: moderate
Waiting Time Statistics:
Min: 0
Max: 4369
Mean: 635.5063613231553
Std: 753.2589665315103

Total Service Time Statistics:
Min: 22
Max: 4473
Mean: 909.5737913486005
Std: 748.890418471962
