iteration: 87
System used: N_lift
Number of floors: 40
Number of passengers: 773
traffic: moderate
Waiting Time Statistics:
Min: 0
Max: 4592
Mean: 620.2043984476068
Std: 842.8680740729889

Total Service Time Statistics:
Min: 23
Max: 4799
Mean: 891.4036222509702
Std: 841.0539465593938
