iteration: 72
System used: N_lift
Number of floors: 20
Number of passengers: 275
traffic: moderate
Waiting Time Statistics:
Min: 0
Max: 207
Mean: 33.698181818181816
Std: 39.110639856269565

Total Service Time Statistics:
Min: 10
Max: 331
Mean: 97.74909090909091
Std: 61.71129175598608
