iteration: 87
System used: N_lift
Number of floors: 5
Number of passengers: 146
traffic: moderate
Waiting Time Statistics:
Min: 0
Max: 95
Mean: 20.897260273972602
Std: 18.400798128137808

Total Service Time Statistics:
Min: 10
Max: 155
Mean: 67.56164383561644
Std: 30.539510327971406
