iteration: 55
System used: N_lift
Number of floors: 40
Number of passengers: 757
traffic: moderate
Waiting Time Statistics:
Min: 0
Max: 4062
Mean: 566.6486129458389
Std: 726.4962907618994

Total Service Time Statistics:
Min: 32
Max: 4295
Mean: 819.6895640686922
Std: 717.0444777917811
