iteration: 65
System used: N_lift
Number of floors: 5
Number of passengers: 108
traffic: moderate
Waiting Time Statistics:
Min: 0
Max: 231
Mean: 22.555555555555557
Std: 33.75262768125481

Total Service Time Statistics:
Min: 16
Max: 260
Mean: 69.35185185185185
Std: 41.227500760639145
