iteration: 71
System used: N_lift
Number of floors: 5
Number of passengers: 145
traffic: moderate
Waiting Time Statistics:
Min: 0
Max: 97
Mean: 18.682758620689654
Std: 20.192374608677525

Total Service Time Statistics:
Min: 10
Max: 165
Mean: 60.724137931034484
Std: 31.374193827318916
