iteration: 91
System used: N_lift
Number of floors: 40
Number of passengers: 775
traffic: moderate
Waiting Time Statistics:
Min: 0
Max: 3873
Mean: 618.7109677419355
Std: 728.3659025027523

Total Service Time Statistics:
Min: 31
Max: 4046
Mean: 875.5509677419354
Std: 723.5202896111734
