iteration: 74
System used: N_lift
Number of floors: 40
Number of passengers: 785
traffic: moderate
Waiting Time Statistics:
Min: 0
Max: 4080
Mean: 588.8394904458598
Std: 716.1065058880907

Total Service Time Statistics:
Min: 23
Max: 4252
Mean: 855.2165605095541
Std: 709.922106233689
