iteration: 61
System used: N_lift
Number of floors: 40
Number of passengers: 767
traffic: moderate
Waiting Time Statistics:
Min: 0
Max: 3747
Mean: 618.8318122555411
Std: 737.6355929729814

Total Service Time Statistics:
Min: 39
Max: 3941
Mean: 889.4863102998696
Std: 742.9450127123642
