iteration: 69
System used: N_lift
Number of floors: 40
Number of passengers: 803
traffic: moderate
Waiting Time Statistics:
Min: 0
Max: 4569
Mean: 715.2963885429639
Std: 934.0473813185488

Total Service Time Statistics:
Min: 13
Max: 4673
Mean: 979.7484433374844
Std: 921.5755180089471
