iteration: 83
System used: N_lift
Number of floors: 20
Number of passengers: 282
traffic: moderate
Waiting Time Statistics:
Min: 0
Max: 192
Mean: 30.68794326241135
Std: 31.42151375595438

Total Service Time Statistics:
Min: 10
Max: 301
Mean: 98.57801418439716
Std: 54.475460004131406
