iteration: 11
System used: N_lift
Number of floors: 5
Number of passengers: 112
traffic: moderate
Waiting Time Statistics:
Min: 0
Max: 118
Mean: 20.767857142857142
Std: 22.829166638772634

Total Service Time Statistics:
Min: 13
Max: 184
Mean: 70.90178571428571
Std: 36.398188208901345
