iteration: 94
System used: N_lift
Number of floors: 20
Number of passengers: 277
traffic: moderate
Waiting Time Statistics:
Min: 0
Max: 285
Mean: 30.84476534296029
Std: 35.133097081563456

Total Service Time Statistics:
Min: 10
Max: 417
Mean: 95.1985559566787
Std: 53.02467566889251
