iteration: 31
System used: N_lift
Number of floors: 20
Number of passengers: 270
traffic: moderate
Waiting Time Statistics:
Min: 0
Max: 281
Mean: 35.925925925925924
Std: 39.195369886186036

Total Service Time Statistics:
Min: 17
Max: 492
Mean: 103.14444444444445
Std: 66.41307499551091
