iteration: 68
System used: N_lift
Number of floors: 40
Number of passengers: 789
traffic: moderate
Waiting Time Statistics:
Min: 0
Max: 4186
Mean: 657.6400506970849
Std: 861.2744848724959

Total Service Time Statistics:
Min: 25
Max: 4349
Mean: 929.0392902408112
Std: 841.7782420925415
