iteration: 57
System used: N_lift
Number of floors: 5
Number of passengers: 137
traffic: moderate
Waiting Time Statistics:
Min: 0
Max: 128
Mean: 18.072992700729927
Std: 19.663580487681653

Total Service Time Statistics:
Min: 13
Max: 186
Mean: 65.69343065693431
Std: 32.11435496412314
