iteration: 41
System used: N_lift
Number of floors: 20
Number of passengers: 295
traffic: moderate
Waiting Time Statistics:
Min: 0
Max: 186
Mean: 33.24406779661017
Std: 38.2460005075736

Total Service Time Statistics:
Min: 6
Max: 302
Mean: 98.20677966101695
Std: 61.323841687569065
