iteration: 97
System used: N_lift
Number of floors: 40
Number of passengers: 766
traffic: moderate
Waiting Time Statistics:
Min: 0
Max: 3692
Mean: 544.4164490861618
Std: 676.2857153800553

Total Service Time Statistics:
Min: 11
Max: 4054
Mean: 800.4934725848564
Std: 680.5018846336995
