iteration: 24
System used: N_lift
Number of floors: 20
Number of passengers: 308
traffic: moderate
Waiting Time Statistics:
Min: 0
Max: 243
Mean: 35.9025974025974
Std: 38.942498239420765

Total Service Time Statistics:
Min: 12
Max: 397
Mean: 100.91558441558442
Std: 64.08737432494652
