iteration: 57
System used: N_lift
Number of floors: 40
Number of passengers: 773
traffic: moderate
Waiting Time Statistics:
Min: 0
Max: 4136
Mean: 695.0504527813713
Std: 860.3302151252374

Total Service Time Statistics:
Min: 30
Max: 4511
Mean: 966.379042690815
Std: 853.2843647792937
