iteration: 26
System used: N_lift
Number of floors: 40
Number of passengers: 797
traffic: moderate
Waiting Time Statistics:
Min: 0
Max: 4705
Mean: 731.1066499372647
Std: 892.4389299199287

Total Service Time Statistics:
Min: 4
Max: 4885
Mean: 985.1856963613551
Std: 883.5992097458501
