iteration: 26
System used: N_lift
Number of floors: 5
Number of passengers: 128
traffic: moderate
Waiting Time Statistics:
Min: 0
Max: 81
Mean: 20.171875
Std: 16.94042798732372

Total Service Time Statistics:
Min: 13
Max: 174
Mean: 71.7578125
Std: 34.260637429372636
