iteration: 36
System used: N_lift
Number of floors: 5
Number of passengers: 155
traffic: moderate
Waiting Time Statistics:
Min: 0
Max: 124
Mean: 20.270967741935483
Std: 18.854642088307415

Total Service Time Statistics:
Min: 13
Max: 190
Mean: 70.03225806451613
Std: 34.720857041542104
