iteration: 78
System used: N_lift
Number of floors: 5
Number of passengers: 125
traffic: moderate
Waiting Time Statistics:
Min: 0
Max: 143
Mean: 20.36
Std: 20.17560008301308

Total Service Time Statistics:
Min: 16
Max: 184
Mean: 67.744
Std: 31.560209738049547
