iteration: 89
System used: Adaptive
Number of floors: 40
Number of passengers: 204
traffic: low
Waiting Time Statistics:
Min: 0
Max: 632
Mean: 132.16666666666666
Std: 131.29769756503157

Total Service Time Statistics:
Min: 13
Max: 643
Mean: 179.20098039215685
Std: 143.7748438125384
