iteration: 80
System used: Adaptive
Number of floors: 5
Number of passengers: 45
traffic: low
Waiting Time Statistics:
Min: 1
Max: 64
Mean: 10.066666666666666
Std: 10.790147020651421

Total Service Time Statistics:
Min: 6
Max: 71
Mean: 20.42222222222222
Std: 10.961687181204626
