iteration: 6
System used: Adaptive
Number of floors: 20
Number of passengers: 119
traffic: low
Waiting Time Statistics:
Min: 0
Max: 160
Mean: 29.96638655462185
Std: 37.14240410359932

Total Service Time Statistics:
Min: 6
Max: 195
Mean: 52.33613445378151
Std: 45.60037862445479
