iteration: 75
System used: Adaptive
Number of floors: 5
Number of passengers: 48
traffic: low
Waiting Time Statistics:
Min: 0
Max: 48
Mean: 8.333333333333334
Std: 8.708844448674329

Total Service Time Statistics:
Min: 5
Max: 63
Mean: 19.979166666666668
Std: 10.967048485452661
