iteration: 2
System used: Adaptive
Number of floors: 20
Number of passengers: 164
traffic: low
Waiting Time Statistics:
Min: 0
Max: 282
Mean: 35.0
Std: 50.4127746980935

Total Service Time Statistics:
Min: 5
Max: 293
Mean: 58.59146341463415
Std: 59.19374594145462
