iteration: 91
System used: Adaptive
Number of floors: 40
Number of passengers: 193
traffic: low
Waiting Time Statistics:
Min: 0
Max: 475
Mean: 115.21761658031087
Std: 118.23662847459633

Total Service Time Statistics:
Min: 7
Max: 553
Mean: 153.67875647668393
Std: 135.00953058375396
