iteration: 53
System used: Adaptive
Number of floors: 20
Number of passengers: 125
traffic: low
Waiting Time Statistics:
Min: 0
Max: 230
Mean: 40.528
Std: 48.43961588510766

Total Service Time Statistics:
Min: 7
Max: 238
Mean: 67.272
Std: 61.37896245667619
