iteration: 72
System used: Adaptive
Number of floors: 20
Number of passengers: 144
traffic: low
Waiting Time Statistics:
Min: 0
Max: 218
Mean: 35.291666666666664
Std: 47.12635522341355

Total Service Time Statistics:
Min: 6
Max: 235
Mean: 57.395833333333336
Std: 55.94180527050479
