iteration: 16
System used: Adaptive
Number of floors: 40
Number of passengers: 210
traffic: low
Waiting Time Statistics:
Min: 0
Max: 755
Mean: 113.25238095238095
Std: 134.19823271623363

Total Service Time Statistics:
Min: 11
Max: 827
Mean: 150.35714285714286
Std: 146.08259796157918
