iteration: 36
System used: Adaptive
Number of floors: 20
Number of passengers: 141
traffic: low
Waiting Time Statistics:
Min: 0
Max: 153
Mean: 29.163120567375888
Std: 33.488297340473004

Total Service Time Statistics:
Min: 4
Max: 183
Mean: 49.07801418439716
Std: 42.03622093283462
