iteration: 93
System used: Adaptive
Number of floors: 40
Number of passengers: 179
traffic: low
Waiting Time Statistics:
Min: 0
Max: 562
Mean: 104.32402234636872
Std: 120.77151811674894

Total Service Time Statistics:
Min: 4
Max: 585
Mean: 142.2513966480447
Std: 133.70993439915816
