iteration: 91
System used: Adaptive
Number of floors: 5
Number of passengers: 49
traffic: low
Waiting Time Statistics:
Min: 0
Max: 54
Mean: 10.428571428571429
Std: 11.951290027998372

Total Service Time Statistics:
Min: 5
Max: 71
Mean: 22.918367346938776
Std: 13.25210161743833
