iteration: 95
System used: Adaptive
Number of floors: 5
Number of passengers: 46
traffic: low
Waiting Time Statistics:
Min: 0
Max: 39
Mean: 10.108695652173912
Std: 8.857459532618858

Total Service Time Statistics:
Min: 8
Max: 50
Mean: 21.847826086956523
Std: 9.953151128728244
