iteration: 50
System used: Adaptive
Number of floors: 20
Number of passengers: 126
traffic: low
Waiting Time Statistics:
Min: 0
Max: 220
Mean: 30.833333333333332
Std: 38.710153706747285

Total Service Time Statistics:
Min: 4
Max: 235
Mean: 54.857142857142854
Std: 46.937015548194246
