iteration: 50
System used: Adaptive
Number of floors: 5
Number of passengers: 48
traffic: low
Waiting Time Statistics:
Min: 0
Max: 54
Mean: 8.458333333333334
Std: 10.120462383964886

Total Service Time Statistics:
Min: 6
Max: 65
Mean: 21.25
Std: 12.136633484637555
