iteration: 43
System used: Adaptive
Number of floors: 20
Number of passengers: 150
traffic: low
Waiting Time Statistics:
Min: 0
Max: 176
Mean: 31.58
Std: 41.084667856584964

Total Service Time Statistics:
Min: 4
Max: 237
Mean: 55.45333333333333
Std: 57.40046379471054
