iteration: 46
System used: Adaptive
Number of floors: 40
Number of passengers: 191
traffic: low
Waiting Time Statistics:
Min: 0
Max: 453
Mean: 86.98952879581152
Std: 95.68258872184448

Total Service Time Statistics:
Min: 5
Max: 467
Mean: 120.8848167539267
Std: 107.95645969236092
