iteration: 84
System used: Adaptive
Number of floors: 40
Number of passengers: 227
traffic: low
Waiting Time Statistics:
Min: 0
Max: 633
Mean: 113.65198237885463
Std: 124.70764939188471

Total Service Time Statistics:
Min: 6
Max: 690
Mean: 152.56387665198238
Std: 141.80261464863142
