iteration: 3
System used: Adaptive
Number of floors: 20
Number of passengers: 158
traffic: low
Waiting Time Statistics:
Min: 0
Max: 273
Mean: 34.08227848101266
Std: 49.936260671052494

Total Service Time Statistics:
Min: 5
Max: 283
Mean: 56.037974683544306
Std: 58.73104909973977
