iteration: 87
System used: Adaptive
Number of floors: 20
Number of passengers: 142
traffic: low
Waiting Time Statistics:
Min: 0
Max: 219
Mean: 35.274647887323944
Std: 47.32386445587742

Total Service Time Statistics:
Min: 8
Max: 247
Mean: 59.83098591549296
Std: 59.200221850143286
