iteration: 98
System used: Adaptive
Number of floors: 5
Number of passengers: 52
traffic: low
Waiting Time Statistics:
Min: 0
Max: 45
Mean: 7.9423076923076925
Std: 7.789921748300527

Total Service Time Statistics:
Min: 7
Max: 50
Mean: 19.98076923076923
Std: 8.777177143727249
