iteration: 88
System used: Adaptive
Number of floors: 5
Number of passengers: 56
traffic: low
Waiting Time Statistics:
Min: 0
Max: 63
Mean: 9.464285714285714
Std: 9.67652132406398

Total Service Time Statistics:
Min: 4
Max: 68
Mean: 21.053571428571427
Std: 10.838348822343983
