iteration: 73
System used: Adaptive
Number of floors: 40
Number of passengers: 199
traffic: low
Waiting Time Statistics:
Min: 0
Max: 696
Mean: 122.59798994974874
Std: 134.46027236482954

Total Service Time Statistics:
Min: 8
Max: 717
Mean: 161.0502512562814
Std: 144.2046017262537
