iteration: 64
System used: Adaptive
Number of floors: 40
Number of passengers: 208
traffic: low
Waiting Time Statistics:
Min: 0
Max: 632
Mean: 110.71153846153847
Std: 125.61832946325391

Total Service Time Statistics:
Min: 9
Max: 676
Mean: 146.03365384615384
Std: 136.4223118522992
