iteration: 17
System used: Adaptive
Number of floors: 40
Number of passengers: 181
traffic: low
Waiting Time Statistics:
Min: 2
Max: 508
Mean: 111.14917127071823
Std: 112.79802432213101

Total Service Time Statistics:
Min: 10
Max: 538
Mean: 149.48066298342542
Std: 125.9291066504493
