iteration: 99
System used: Adaptive
Number of floors: 40
Number of passengers: 179
traffic: low
Waiting Time Statistics:
Min: 0
Max: 520
Mean: 101.53072625698324
Std: 112.68636451329148

Total Service Time Statistics:
Min: 7
Max: 546
Mean: 136.39106145251398
Std: 120.21139212261872
