iteration: 38
System used: Adaptive
Number of floors: 40
Number of passengers: 187
traffic: low
Waiting Time Statistics:
Min: 0
Max: 731
Mean: 159.9144385026738
Std: 186.57326721082168

Total Service Time Statistics:
Min: 7
Max: 768
Mean: 200.97860962566844
Std: 199.205058806172
