iteration: 26
System used: Adaptive
Number of floors: 20
Number of passengers: 140
traffic: low
Waiting Time Statistics:
Min: 0
Max: 325
Mean: 49.23571428571429
Std: 72.21407131998879

Total Service Time Statistics:
Min: 5
Max: 348
Mean: 73.45714285714286
Std: 83.6266429808015
