iteration: 37
System used: Adaptive
Number of floors: 20
Number of passengers: 141
traffic: low
Waiting Time Statistics:
Min: 0
Max: 184
Mean: 27.76595744680851
Std: 37.69153718918732

Total Service Time Statistics:
Min: 6
Max: 199
Mean: 47.709219858156025
Std: 43.11935909394695
