iteration: 50
System used: Adaptive
Number of floors: 40
Number of passengers: 206
traffic: low
Waiting Time Statistics:
Min: 0
Max: 565
Mean: 106.81067961165049
Std: 122.30811983704295

Total Service Time Statistics:
Min: 9
Max: 636
Mean: 146.01941747572815
Std: 134.52032074855143
