iteration: 16
System used: Adaptive
Number of floors: 20
Number of passengers: 125
traffic: low
Waiting Time Statistics:
Min: 0
Max: 302
Mean: 34.584
Std: 46.138323584909394

Total Service Time Statistics:
Min: 8
Max: 309
Mean: 59.248
Std: 56.21985299667496
