iteration: 58
System used: Adaptive
Number of floors: 20
Number of passengers: 138
traffic: low
Waiting Time Statistics:
Min: 0
Max: 245
Mean: 31.971014492753625
Std: 42.98020967585908

Total Service Time Statistics:
Min: 5
Max: 257
Mean: 57.71739130434783
Std: 53.626443679943684
