iteration: 2
System used: Adaptive
Number of floors: 40
Number of passengers: 208
traffic: low
Waiting Time Statistics:
Min: 0
Max: 585
Mean: 117.33173076923077
Std: 124.40210847151687

Total Service Time Statistics:
Min: 6
Max: 602
Mean: 156.125
Std: 134.84334711386234
