iteration: 10
System used: Adaptive
Number of floors: 40
Number of passengers: 207
traffic: low
Waiting Time Statistics:
Min: 1
Max: 580
Mean: 110.52657004830918
Std: 118.5821497205759

Total Service Time Statistics:
Min: 6
Max: 635
Mean: 147.94202898550725
Std: 132.0829267379742
