iteration: 67
System used: Adaptive
Number of floors: 40
Number of passengers: 185
traffic: low
Waiting Time Statistics:
Min: 0
Max: 476
Mean: 98.82162162162162
Std: 109.06811577079176

Total Service Time Statistics:
Min: 7
Max: 505
Mean: 135.91351351351352
Std: 123.52887833937368
