iteration: 28
System used: Adaptive
Number of floors: 20
Number of passengers: 126
traffic: low
Waiting Time Statistics:
Min: 0
Max: 189
Mean: 36.36507936507937
Std: 48.08552433730603

Total Service Time Statistics:
Min: 7
Max: 233
Mean: 61.333333333333336
Std: 57.66607321467277
