iteration: 54
System used: Adaptive
Number of floors: 40
Number of passengers: 163
traffic: low
Waiting Time Statistics:
Min: 0
Max: 515
Mean: 105.65644171779141
Std: 107.93038339070888

Total Service Time Statistics:
Min: 6
Max: 553
Mean: 137.85889570552146
Std: 117.16796413067053
