iteration: 96
System used: Adaptive
Number of floors: 5
Number of passengers: 48
traffic: low
Waiting Time Statistics:
Min: 0
Max: 44
Mean: 9.291666666666666
Std: 7.596074947624535

Total Service Time Statistics:
Min: 5
Max: 48
Mean: 20.020833333333332
Std: 8.237148812992022
