iteration: 15
System used: Adaptive
Number of floors: 5
Number of passengers: 54
traffic: low
Waiting Time Statistics:
Min: 0
Max: 46
Mean: 8.925925925925926
Std: 8.100435236039939

Total Service Time Statistics:
Min: 4
Max: 57
Mean: 20.703703703703702
Std: 10.175126218918832
