iteration: 62
System used: Adaptive
Number of floors: 5
Number of passengers: 57
traffic: low
Waiting Time Statistics:
Min: 0
Max: 43
Mean: 7.631578947368421
Std: 7.929672076960074

Total Service Time Statistics:
Min: 7
Max: 50
Mean: 18.385964912280702
Std: 9.224877827229925
