iteration: 66
System used: Adaptive
Number of floors: 5
Number of passengers: 59
traffic: low
Waiting Time Statistics:
Min: 0
Max: 58
Mean: 9.152542372881356
Std: 10.338767950546263

Total Service Time Statistics:
Min: 4
Max: 66
Mean: 20.152542372881356
Std: 11.556179954856868
