iteration: 97
System used: Adaptive
Number of floors: 5
Number of passengers: 52
traffic: low
Waiting Time Statistics:
Min: 0
Max: 67
Mean: 10.096153846153847
Std: 13.20169272477574

Total Service Time Statistics:
Min: 6
Max: 76
Mean: 22.75
Std: 13.926804455902337
