iteration: 22
System used: Adaptive
Number of floors: 20
Number of passengers: 138
traffic: low
Waiting Time Statistics:
Min: 0
Max: 201
Mean: 31.840579710144926
Std: 43.05458195591625

Total Service Time Statistics:
Min: 5
Max: 212
Mean: 51.38405797101449
Std: 50.63744358576689
