iteration: 3
System used: Adaptive
Number of floors: 5
Number of passengers: 55
traffic: low
Waiting Time Statistics:
Min: 0
Max: 51
Mean: 9.8
Std: 9.81004775916188

Total Service Time Statistics:
Min: 5
Max: 62
Mean: 21.636363636363637
Std: 11.072762103741804
