iteration: 47
System used: Adaptive
Number of floors: 5
Number of passengers: 57
traffic: low
Waiting Time Statistics:
Min: 0
Max: 49
Mean: 9.701754385964913
Std: 9.949811398572734

Total Service Time Statistics:
Min: 4
Max: 57
Mean: 20.36842105263158
Std: 11.028585550655185
