iteration: 80
System used: Adaptive
Number of floors: 40
Number of passengers: 193
traffic: low
Waiting Time Statistics:
Min: 0
Max: 632
Mean: 107.17098445595855
Std: 119.50251386636168

Total Service Time Statistics:
Min: 10
Max: 646
Mean: 142.93264248704662
Std: 129.5835903873187
