iteration: 33
System used: Adaptive
Number of floors: 40
Number of passengers: 190
traffic: low
Waiting Time Statistics:
Min: 0
Max: 626
Mean: 98.60526315789474
Std: 113.16250885918906

Total Service Time Statistics:
Min: 15
Max: 650
Mean: 133.7263157894737
Std: 125.04754161359372
