iteration: 81
System used: Adaptive
Number of floors: 20
Number of passengers: 140
traffic: low
Waiting Time Statistics:
Min: 0
Max: 273
Mean: 32.035714285714285
Std: 49.002776417346276

Total Service Time Statistics:
Min: 6
Max: 289
Mean: 56.371428571428574
Std: 60.819741074911875
