iteration: 12
System used: Adaptive
Number of floors: 40
Number of passengers: 194
traffic: low
Waiting Time Statistics:
Min: 0
Max: 566
Mean: 121.20618556701031
Std: 126.86433030410647

Total Service Time Statistics:
Min: 6
Max: 570
Mean: 160.70103092783506
Std: 140.49554525775417
