iteration: 53
System used: Adaptive
Number of floors: 40
Number of passengers: 176
traffic: low
Waiting Time Statistics:
Min: 1
Max: 925
Mean: 173.57954545454547
Std: 203.33371424987385

Total Service Time Statistics:
Min: 10
Max: 932
Mean: 216.3465909090909
Std: 220.69723097433794
