iteration: 79
System used: Adaptive
Number of floors: 40
Number of passengers: 206
traffic: low
Waiting Time Statistics:
Min: 0
Max: 659
Mean: 143.54854368932038
Std: 161.46797635479524

Total Service Time Statistics:
Min: 11
Max: 703
Mean: 181.32038834951456
Std: 174.26756627513396
