iteration: 98
System used: Adaptive
Number of floors: 40
Number of passengers: 221
traffic: low
Waiting Time Statistics:
Min: 0
Max: 556
Mean: 123.92307692307692
Std: 125.1061675012593

Total Service Time Statistics:
Min: 10
Max: 608
Mean: 163.4162895927602
Std: 138.1837002188402
