iteration: 57
System used: Adaptive
Number of floors: 5
Number of passengers: 57
traffic: low
Waiting Time Statistics:
Min: 0
Max: 50
Mean: 8.912280701754385
Std: 8.264123628574957

Total Service Time Statistics:
Min: 7
Max: 67
Mean: 20.07017543859649
Std: 10.106326959461029
