iteration: 6
System used: Adaptive
Number of floors: 5
Number of passengers: 48
traffic: low
Waiting Time Statistics:
Min: 0
Max: 55
Mean: 8.6875
Std: 9.719811420112697

Total Service Time Statistics:
Min: 8
Max: 60
Mean: 19.208333333333332
Std: 9.651277797295412
