iteration: 27
System used: Adaptive
Number of floors: 20
Number of passengers: 135
traffic: low
Waiting Time Statistics:
Min: 0
Max: 257
Mean: 32.56296296296296
Std: 45.53276783130162

Total Service Time Statistics:
Min: 8
Max: 270
Mean: 58.0
Std: 56.07324634104825
