iteration: 6
System used: Adaptive
Number of floors: 40
Number of passengers: 190
traffic: low
Waiting Time Statistics:
Min: 0
Max: 711
Mean: 134.23157894736843
Std: 163.4944752642675

Total Service Time Statistics:
Min: 6
Max: 725
Mean: 170.30526315789473
Std: 176.28080495157386
