iteration: 72
System used: Adaptive
Number of floors: 40
Number of passengers: 201
traffic: low
Waiting Time Statistics:
Min: 0
Max: 623
Mean: 135.27860696517413
Std: 138.9680610429956

Total Service Time Statistics:
Min: 7
Max: 630
Mean: 170.48756218905473
Std: 143.66301227012943
