iteration: 41
System used: Adaptive
Number of floors: 40
Number of passengers: 214
traffic: low
Waiting Time Statistics:
Min: 0
Max: 615
Mean: 110.95794392523365
Std: 119.57983212545406

Total Service Time Statistics:
Min: 9
Max: 622
Mean: 148.28971962616822
Std: 130.64139422261255
