iteration: 34
System used: Adaptive
Number of floors: 20
Number of passengers: 133
traffic: low
Waiting Time Statistics:
Min: 0
Max: 141
Mean: 31.39097744360902
Std: 34.161566785636275

Total Service Time Statistics:
Min: 6
Max: 195
Mean: 54.70676691729323
Std: 49.5913271307514
