iteration: 65
System used: Adaptive
Number of floors: 5
Number of passengers: 45
traffic: low
Waiting Time Statistics:
Min: 0
Max: 73
Mean: 10.577777777777778
Std: 14.67603006898864

Total Service Time Statistics:
Min: 8
Max: 80
Mean: 21.866666666666667
Std: 15.926821288745483
