iteration: 81
System used: Adaptive
Number of floors: 5
Number of passengers: 52
traffic: low
Waiting Time Statistics:
Min: 0
Max: 46
Mean: 8.403846153846153
Std: 8.554919729822743

Total Service Time Statistics:
Min: 4
Max: 57
Mean: 20.057692307692307
Std: 10.279264224715128
