iteration: 84
System used: Adaptive
Number of floors: 20
Number of passengers: 129
traffic: low
Waiting Time Statistics:
Min: 0
Max: 230
Mean: 35.48837209302326
Std: 53.80972209425045

Total Service Time Statistics:
Min: 7
Max: 244
Mean: 57.75968992248062
Std: 58.35007165722335
