iteration: 93
System used: Adaptive
Number of floors: 20
Number of passengers: 143
traffic: low
Waiting Time Statistics:
Min: 0
Max: 243
Mean: 38.73426573426573
Std: 49.6971038135022

Total Service Time Statistics:
Min: 7
Max: 260
Mean: 63.53146853146853
Std: 64.27119086020417
