iteration: 83
System used: Adaptive
Number of floors: 5
Number of passengers: 58
traffic: low
Waiting Time Statistics:
Min: 0
Max: 57
Mean: 9.241379310344827
Std: 10.772463831988217

Total Service Time Statistics:
Min: 4
Max: 68
Mean: 19.189655172413794
Std: 11.900843102304748
