iteration: 27
System used: Adaptive
Number of floors: 40
Number of passengers: 205
traffic: low
Waiting Time Statistics:
Min: 0
Max: 563
Mean: 147.55121951219513
Std: 152.55071018329303

Total Service Time Statistics:
Min: 10
Max: 674
Mean: 188.29756097560977
Std: 167.31288713038322
