iteration: 32
System used: Adaptive
Number of floors: 40
Number of passengers: 195
traffic: low
Waiting Time Statistics:
Min: 0
Max: 518
Mean: 111.93333333333334
Std: 131.753716928209

Total Service Time Statistics:
Min: 4
Max: 606
Mean: 144.95384615384614
Std: 144.1784508652168
