iteration: 46
System used: Adaptive
Number of floors: 5
Number of passengers: 54
traffic: low
Waiting Time Statistics:
Min: 0
Max: 41
Mean: 8.592592592592593
Std: 7.4035140012521445

Total Service Time Statistics:
Min: 7
Max: 50
Mean: 20.37037037037037
Std: 8.423453995762555
