iteration: 83
System used: Adaptive
Number of floors: 20
Number of passengers: 128
traffic: low
Waiting Time Statistics:
Min: 0
Max: 136
Mean: 27.3359375
Std: 29.829773570045038

Total Service Time Statistics:
Min: 4
Max: 164
Mean: 49.28125
Std: 37.2750866748043
