iteration: 20
System used: Adaptive
Number of floors: 20
Number of passengers: 126
traffic: low
Waiting Time Statistics:
Min: 0
Max: 223
Mean: 37.904761904761905
Std: 50.82997990500151

Total Service Time Statistics:
Min: 7
Max: 246
Mean: 62.84126984126984
Std: 58.6905665603477
