iteration: 9
System used: Adaptive
Number of floors: 5
Number of passengers: 66
traffic: low
Waiting Time Statistics:
Min: 0
Max: 53
Mean: 9.212121212121213
Std: 9.386594617227194

Total Service Time Statistics:
Min: 5
Max: 65
Mean: 20.0
Std: 11.096777078884731
