iteration: 76
System used: Adaptive
Number of floors: 40
Number of passengers: 200
traffic: low
Waiting Time Statistics:
Min: 0
Max: 687
Mean: 137.015
Std: 154.31585039592363

Total Service Time Statistics:
Min: 9
Max: 720
Mean: 174.665
Std: 166.8926558235538
