iteration: 99
System used: Adaptive
Number of floors: 20
Number of passengers: 142
traffic: low
Waiting Time Statistics:
Min: 0
Max: 271
Mean: 33.75352112676056
Std: 47.94798994000462

Total Service Time Statistics:
Min: 7
Max: 277
Mean: 58.15492957746479
Std: 61.25360557048929
