iteration: 99
System used: Adaptive
Number of floors: 5
Number of passengers: 54
traffic: low
Waiting Time Statistics:
Min: 0
Max: 42
Mean: 9.24074074074074
Std: 8.067954745818362

Total Service Time Statistics:
Min: 5
Max: 57
Mean: 20.666666666666668
Std: 9.065797220613474
