iteration: 71
System used: Adaptive
Number of floors: 20
Number of passengers: 141
traffic: low
Waiting Time Statistics:
Min: 0
Max: 212
Mean: 30.425531914893618
Std: 36.687723529142005

Total Service Time Statistics:
Min: 8
Max: 219
Mean: 54.290780141843975
Std: 48.02626350045986
