iteration: 1
System used: Adaptive
Number of floors: 40
Number of passengers: 201
traffic: low
Waiting Time Statistics:
Min: 0
Max: 493
Mean: 112.21890547263682
Std: 116.7206573010794

Total Service Time Statistics:
Min: 9
Max: 514
Mean: 147.6318407960199
Std: 125.78451328003193
