iteration: 40
System used: Adaptive
Number of floors: 20
Number of passengers: 128
traffic: low
Waiting Time Statistics:
Min: 0
Max: 182
Mean: 35.46875
Std: 43.505803305534336

Total Service Time Statistics:
Min: 7
Max: 235
Mean: 60.96875
Std: 57.62312220453197
