iteration: 26
System used: Adaptive
Number of floors: 40
Number of passengers: 188
traffic: low
Waiting Time Statistics:
Min: 0
Max: 594
Mean: 117.24468085106383
Std: 132.74701009112368

Total Service Time Statistics:
Min: 9
Max: 651
Mean: 158.26063829787233
Std: 150.86081393237626
