iteration: 82
System used: Adaptive
Number of floors: 40
Number of passengers: 209
traffic: low
Waiting Time Statistics:
Min: 0
Max: 643
Mean: 102.09569377990431
Std: 116.24414968993729

Total Service Time Statistics:
Min: 7
Max: 680
Mean: 139.12918660287082
Std: 131.52510567527742
