iteration: 59
System used: Adaptive
Number of floors: 20
Number of passengers: 128
traffic: low
Waiting Time Statistics:
Min: 0
Max: 236
Mean: 32.078125
Std: 41.50677951929048

Total Service Time Statistics:
Min: 6
Max: 254
Mean: 54.1171875
Std: 50.2785345932681
