iteration: 57
System used: Adaptive
Number of floors: 20
Number of passengers: 133
traffic: low
Waiting Time Statistics:
Min: 0
Max: 211
Mean: 35.87218045112782
Std: 43.6109545478341

Total Service Time Statistics:
Min: 6
Max: 218
Mean: 57.12781954887218
Std: 52.013170466986494
