iteration: 33
System used: Adaptive
Number of floors: 20
Number of passengers: 152
traffic: low
Waiting Time Statistics:
Min: 0
Max: 190
Mean: 31.276315789473685
Std: 37.876620437159865

Total Service Time Statistics:
Min: 7
Max: 210
Mean: 53.26973684210526
Std: 47.77804233883609
