iteration: 48
System used: Adaptive
Number of floors: 20
Number of passengers: 126
traffic: low
Waiting Time Statistics:
Min: 0
Max: 174
Mean: 28.738095238095237
Std: 38.927045317399276

Total Service Time Statistics:
Min: 5
Max: 207
Mean: 50.84920634920635
Std: 50.18080389317293
