iteration: 3
System used: Adaptive
Number of floors: 40
Number of passengers: 208
traffic: low
Waiting Time Statistics:
Min: 0
Max: 626
Mean: 104.45673076923077
Std: 103.34033661581131

Total Service Time Statistics:
Min: 6
Max: 649
Mean: 145.0
Std: 116.9418700303
