iteration: 92
System used: Adaptive
Number of floors: 5
Number of passengers: 48
traffic: low
Waiting Time Statistics:
Min: 0
Max: 55
Mean: 8.75
Std: 11.60429120920727

Total Service Time Statistics:
Min: 5
Max: 63
Mean: 21.166666666666668
Std: 11.812963188412132
