iteration: 60
System used: Adaptive
Number of floors: 20
Number of passengers: 116
traffic: low
Waiting Time Statistics:
Min: 0
Max: 233
Mean: 38.0
Std: 51.619847884822114

Total Service Time Statistics:
Min: 9
Max: 250
Mean: 62.37931034482759
Std: 61.97245603771346
