iteration: 73
System used: Adaptive
Number of floors: 5
Number of passengers: 59
traffic: low
Waiting Time Statistics:
Min: 0
Max: 53
Mean: 10.915254237288135
Std: 11.26833851778914

Total Service Time Statistics:
Min: 7
Max: 72
Mean: 22.71186440677966
Std: 12.803624012105574
