iteration: 31
System used: Adaptive
Number of floors: 20
Number of passengers: 139
traffic: low
Waiting Time Statistics:
Min: 0
Max: 308
Mean: 36.81294964028777
Std: 48.35790005529929

Total Service Time Statistics:
Min: 7
Max: 324
Mean: 62.0
Std: 59.24378521800005
