iteration: 9
System used: Adaptive
Number of floors: 20
Number of passengers: 140
traffic: low
Waiting Time Statistics:
Min: 0
Max: 159
Mean: 27.057142857142857
Std: 34.67687874990424

Total Service Time Statistics:
Min: 8
Max: 200
Mean: 49.34285714285714
Std: 45.54210186341555
