iteration: 42
System used: Adaptive
Number of floors: 20
Number of passengers: 134
traffic: low
Waiting Time Statistics:
Min: 0
Max: 186
Mean: 29.94776119402985
Std: 38.82432327364932

Total Service Time Statistics:
Min: 6
Max: 207
Mean: 51.865671641791046
Std: 49.817983141455535
