iteration: 81
System used: Adaptive
Number of floors: 40
Number of passengers: 206
traffic: low
Waiting Time Statistics:
Min: 0
Max: 656
Mean: 122.92233009708738
Std: 136.29485177689443

Total Service Time Statistics:
Min: 9
Max: 680
Mean: 162.10679611650485
Std: 149.7321779856261
