iteration: 55
System used: Adaptive
Number of floors: 20
Number of passengers: 138
traffic: low
Waiting Time Statistics:
Min: 0
Max: 205
Mean: 31.73913043478261
Std: 46.178850081598775

Total Service Time Statistics:
Min: 7
Max: 229
Mean: 53.528985507246375
Std: 55.581753035471436
