iteration: 23
System used: Adaptive
Number of floors: 40
Number of passengers: 190
traffic: low
Waiting Time Statistics:
Min: 0
Max: 925
Mean: 194.7157894736842
Std: 238.2788443942965

Total Service Time Statistics:
Min: 6
Max: 966
Mean: 237.2842105263158
Std: 252.97391643186475
