iteration: 13
System used: Adaptive
Number of floors: 5
Number of passengers: 54
traffic: low
Waiting Time Statistics:
Min: 0
Max: 40
Mean: 9.925925925925926
Std: 7.933335095044113

Total Service Time Statistics:
Min: 7
Max: 49
Mean: 20.59259259259259
Std: 9.290933942774574
