iteration: 35
System used: Adaptive
Number of floors: 5
Number of passengers: 47
traffic: low
Waiting Time Statistics:
Min: 0
Max: 48
Mean: 7.531914893617022
Std: 7.5118777361611935

Total Service Time Statistics:
Min: 5
Max: 63
Mean: 19.638297872340427
Std: 8.646249581314818
