iteration: 55
System used: Adaptive
Number of floors: 5
Number of passengers: 53
traffic: low
Waiting Time Statistics:
Min: 0
Max: 49
Mean: 8.0
Std: 8.655811742585263

Total Service Time Statistics:
Min: 8
Max: 70
Mean: 18.20754716981132
Std: 9.989145051901314
