iteration: 85
System used: Adaptive
Number of floors: 20
Number of passengers: 135
traffic: low
Waiting Time Statistics:
Min: 0
Max: 178
Mean: 30.2
Std: 40.19408139396245

Total Service Time Statistics:
Min: 5
Max: 218
Mean: 53.644444444444446
Std: 51.32868428905782
