iteration: 71
System used: Adaptive
Number of floors: 40
Number of passengers: 204
traffic: low
Waiting Time Statistics:
Min: 0
Max: 603
Mean: 128.7058823529412
Std: 127.07773411223302

Total Service Time Statistics:
Min: 9
Max: 637
Mean: 169.9656862745098
Std: 134.5384879062424
