iteration: 64
System used: Adaptive
Number of floors: 5
Number of passengers: 51
traffic: low
Waiting Time Statistics:
Min: 0
Max: 54
Mean: 10.254901960784315
Std: 11.311663250388781

Total Service Time Statistics:
Min: 6
Max: 70
Mean: 20.607843137254903
Std: 12.669772581025358
