iteration: 94
System used: Adaptive
Number of floors: 20
Number of passengers: 142
traffic: low
Waiting Time Statistics:
Min: 0
Max: 191
Mean: 33.929577464788736
Std: 42.192004198187995

Total Service Time Statistics:
Min: 4
Max: 228
Mean: 58.478873239436616
Std: 54.85761302246777
