iteration: 98
System used: Adaptive
Number of floors: 20
Number of passengers: 129
traffic: low
Waiting Time Statistics:
Min: 0
Max: 242
Mean: 34.04651162790697
Std: 43.62980999004513

Total Service Time Statistics:
Min: 5
Max: 257
Mean: 59.372093023255815
Std: 55.17331637772266
