iteration: 21
System used: Adaptive
Number of floors: 5
Number of passengers: 43
traffic: low
Waiting Time Statistics:
Min: 0
Max: 50
Mean: 9.534883720930232
Std: 10.518348678130454

Total Service Time Statistics:
Min: 7
Max: 63
Mean: 22.302325581395348
Std: 12.638819421435821
