iteration: 7
System used: Adaptive
Number of floors: 20
Number of passengers: 149
traffic: low
Waiting Time Statistics:
Min: 0
Max: 218
Mean: 33.20134228187919
Std: 46.60384798313069

Total Service Time Statistics:
Min: 5
Max: 242
Mean: 55.12080536912752
Std: 52.9485870918448
