iteration: 96
System used: Adaptive
Number of floors: 20
Number of passengers: 147
traffic: low
Waiting Time Statistics:
Min: 1
Max: 277
Mean: 39.27891156462585
Std: 51.30058910619654

Total Service Time Statistics:
Min: 7
Max: 309
Mean: 61.85034013605442
Std: 59.57168511710689
