iteration: 92
System used: Adaptive
Number of floors: 40
Number of passengers: 223
traffic: low
Waiting Time Statistics:
Min: 0
Max: 690
Mean: 140.15695067264573
Std: 159.4221477758675

Total Service Time Statistics:
Min: 7
Max: 739
Mean: 180.91928251121075
Std: 172.62872918498655
