iteration: 74
System used: Adaptive
Number of floors: 20
Number of passengers: 137
traffic: low
Waiting Time Statistics:
Min: 0
Max: 174
Mean: 28.503649635036496
Std: 35.59992648860372

Total Service Time Statistics:
Min: 6
Max: 206
Mean: 51.72992700729927
Std: 46.04577384478647
