iteration: 58
System used: Adaptive
Number of floors: 5
Number of passengers: 42
traffic: low
Waiting Time Statistics:
Min: 0
Max: 48
Mean: 7.904761904761905
Std: 8.348534335539627

Total Service Time Statistics:
Min: 5
Max: 54
Mean: 18.88095238095238
Std: 10.172182011531541
