iteration: 5
System used: Adaptive
Number of floors: 20
Number of passengers: 124
traffic: low
Waiting Time Statistics:
Min: 0
Max: 181
Mean: 35.185483870967744
Std: 45.75871091898478

Total Service Time Statistics:
Min: 7
Max: 231
Mean: 59.04838709677419
Std: 57.46088876109376
