iteration: 82
System used: Adaptive
Number of floors: 20
Number of passengers: 138
traffic: low
Waiting Time Statistics:
Min: 0
Max: 155
Mean: 27.485507246376812
Std: 33.64287226323557

Total Service Time Statistics:
Min: 4
Max: 182
Mean: 47.46376811594203
Std: 43.123512887980866
