iteration: 88
System used: Adaptive
Number of floors: 40
Number of passengers: 183
traffic: low
Waiting Time Statistics:
Min: 0
Max: 599
Mean: 117.8360655737705
Std: 133.3680992626001

Total Service Time Statistics:
Min: 9
Max: 639
Mean: 151.62295081967213
Std: 137.21325712883635
