iteration: 39
System used: Adaptive
Number of floors: 5
Number of passengers: 60
traffic: low
Waiting Time Statistics:
Min: 0
Max: 25
Mean: 7.166666666666667
Std: 5.129399035294177

Total Service Time Statistics:
Min: 8
Max: 45
Mean: 20.233333333333334
Std: 7.853244318603848
