iteration: 72
System used: Adaptive
Number of floors: 5
Number of passengers: 48
traffic: low
Waiting Time Statistics:
Min: 0
Max: 45
Mean: 9.208333333333334
Std: 8.853316083466062

Total Service Time Statistics:
Min: 8
Max: 52
Mean: 21.541666666666668
Std: 9.938017126024844
