iteration: 15
System used: Adaptive
Number of floors: 20
Number of passengers: 141
traffic: low
Waiting Time Statistics:
Min: 0
Max: 201
Mean: 33.822695035460995
Std: 48.92184491439137

Total Service Time Statistics:
Min: 9
Max: 254
Mean: 59.234042553191486
Std: 61.69309272495264
