iteration: 38
System used: Adaptive
Number of floors: 5
Number of passengers: 41
traffic: low
Waiting Time Statistics:
Min: 0
Max: 55
Mean: 11.365853658536585
Std: 12.684155662796352

Total Service Time Statistics:
Min: 4
Max: 65
Mean: 22.804878048780488
Std: 14.027151371884317
