iteration: 66
System used: Adaptive
Number of floors: 20
Number of passengers: 149
traffic: low
Waiting Time Statistics:
Min: 0
Max: 166
Mean: 28.691275167785236
Std: 37.96920860040855

Total Service Time Statistics:
Min: 5
Max: 216
Mean: 50.369127516778526
Std: 47.38005467483534
