iteration: 61
System used: Adaptive
Number of floors: 40
Number of passengers: 205
traffic: low
Waiting Time Statistics:
Min: 0
Max: 546
Mean: 118.88780487804878
Std: 128.8025243996656

Total Service Time Statistics:
Min: 15
Max: 629
Mean: 150.66829268292682
Std: 133.34095769688233
