iteration: 24
System used: Adaptive
Number of floors: 5
Number of passengers: 43
traffic: low
Waiting Time Statistics:
Min: 0
Max: 48
Mean: 9.69767441860465
Std: 10.31304048216194

Total Service Time Statistics:
Min: 7
Max: 60
Mean: 20.3953488372093
Std: 11.002466249250277
