iteration: 79
System used: Adaptive
Number of floors: 20
Number of passengers: 135
traffic: low
Waiting Time Statistics:
Min: 0
Max: 176
Mean: 28.659259259259258
Std: 38.91267739611059

Total Service Time Statistics:
Min: 5
Max: 214
Mean: 51.237037037037034
Std: 48.91055000307291
