iteration: 4
System used: Adaptive
Number of floors: 20
Number of passengers: 126
traffic: low
Waiting Time Statistics:
Min: 0
Max: 164
Mean: 32.007936507936506
Std: 39.53135384107072

Total Service Time Statistics:
Min: 6
Max: 204
Mean: 54.42063492063492
Std: 48.64259091365972
