iteration: 34
System used: Adaptive
Number of floors: 5
Number of passengers: 66
traffic: low
Waiting Time Statistics:
Min: 0
Max: 69
Mean: 8.727272727272727
Std: 9.700984017567029

Total Service Time Statistics:
Min: 6
Max: 76
Mean: 19.257575757575758
Std: 10.055707305667235
