iteration: 90
System used: Adaptive
Number of floors: 5
Number of passengers: 57
traffic: low
Waiting Time Statistics:
Min: 0
Max: 90
Mean: 10.701754385964913
Std: 13.846047543665795

Total Service Time Statistics:
Min: 4
Max: 101
Mean: 21.842105263157894
Std: 14.901808943025545
