iteration: 64
System used: Adaptive
Number of floors: 20
Number of passengers: 131
traffic: low
Waiting Time Statistics:
Min: 0
Max: 179
Mean: 31.610687022900763
Std: 38.049476397708204

Total Service Time Statistics:
Min: 6
Max: 204
Mean: 53.0
Std: 48.24233697617765
