iteration: 60
System used: Adaptive
Number of floors: 40
Number of passengers: 199
traffic: low
Waiting Time Statistics:
Min: 0
Max: 702
Mean: 133.39698492462313
Std: 154.31231675396012

Total Service Time Statistics:
Min: 6
Max: 733
Mean: 171.1859296482412
Std: 168.07790582729174
