iteration: 43
System used: Adaptive
Number of floors: 40
Number of passengers: 218
traffic: low
Waiting Time Statistics:
Min: 0
Max: 733
Mean: 119.56422018348624
Std: 134.6187585088967

Total Service Time Statistics:
Min: 7
Max: 782
Mean: 156.28899082568807
Std: 145.82371772943213
