iteration: 31
System used: Adaptive
Number of floors: 40
Number of passengers: 214
traffic: low
Waiting Time Statistics:
Min: 0
Max: 600
Mean: 106.07943925233644
Std: 123.62596263044347

Total Service Time Statistics:
Min: 11
Max: 614
Mean: 143.5373831775701
Std: 138.8922506167389
