iteration: 61
System used: Adaptive
Number of floors: 20
Number of passengers: 145
traffic: low
Waiting Time Statistics:
Min: 0
Max: 179
Mean: 29.43448275862069
Std: 36.17219884591838

Total Service Time Statistics:
Min: 6
Max: 210
Mean: 51.11724137931034
Std: 45.35821980025534
