iteration: 13
System used: Adaptive
Number of floors: 40
Number of passengers: 188
traffic: low
Waiting Time Statistics:
Min: 0
Max: 585
Mean: 109.52659574468085
Std: 135.84075426332984

Total Service Time Statistics:
Min: 7
Max: 620
Mean: 138.45744680851064
Std: 143.05293623190457
