iteration: 8
System used: Adaptive
Number of floors: 40
Number of passengers: 220
traffic: low
Waiting Time Statistics:
Min: 0
Max: 534
Mean: 113.15454545454546
Std: 110.49020588125835

Total Service Time Statistics:
Min: 12
Max: 567
Mean: 151.56363636363636
Std: 123.54841376478333
