iteration: 90
System used: Adaptive
Number of floors: 40
Number of passengers: 196
traffic: low
Waiting Time Statistics:
Min: 0
Max: 744
Mean: 139.3877551020408
Std: 164.56121190814736

Total Service Time Statistics:
Min: 7
Max: 820
Mean: 176.91836734693877
Std: 177.9484035544494
