iteration: 76
System used: Adaptive
Number of floors: 5
Number of passengers: 55
traffic: low
Waiting Time Statistics:
Min: 0
Max: 66
Mean: 9.018181818181818
Std: 11.16955337329665

Total Service Time Statistics:
Min: 5
Max: 75
Mean: 20.381818181818183
Std: 13.031998950007502
