iteration: 0
System used: Adaptive
Number of floors: 5
Number of passengers: 56
traffic: low
Waiting Time Statistics:
Min: 0
Max: 53
Mean: 10.464285714285714
Std: 10.897813434920678

Total Service Time Statistics:
Min: 5
Max: 66
Mean: 21.071428571428573
Std: 12.11889155275896
