iteration: 68
System used: Adaptive
Number of floors: 20
Number of passengers: 135
traffic: low
Waiting Time Statistics:
Min: 0
Max: 188
Mean: 34.32592592592592
Std: 42.62747863492035

Total Service Time Statistics:
Min: 4
Max: 223
Mean: 55.79259259259259
Std: 53.80896228634018
