iteration: 68
System used: Adaptive
Number of floors: 40
Number of passengers: 205
traffic: low
Waiting Time Statistics:
Min: 1
Max: 856
Mean: 154.59024390243903
Std: 186.7627411262199

Total Service Time Statistics:
Min: 7
Max: 892
Mean: 189.25365853658536
Std: 192.8772952636369
