iteration: 29
System used: Adaptive
Number of floors: 20
Number of passengers: 166
traffic: low
Waiting Time Statistics:
Min: 0
Max: 228
Mean: 30.19277108433735
Std: 40.0137727293007

Total Service Time Statistics:
Min: 7
Max: 261
Mean: 48.92168674698795
Std: 48.5947984451579
