iteration: 77
System used: Adaptive
Number of floors: 20
Number of passengers: 153
traffic: low
Waiting Time Statistics:
Min: 0
Max: 224
Mean: 37.411764705882355
Std: 48.01377672520625

Total Service Time Statistics:
Min: 4
Max: 251
Mean: 60.8235294117647
Std: 58.85755749522235
