iteration: 17
System used: Adaptive
Number of floors: 20
Number of passengers: 139
traffic: low
Waiting Time Statistics:
Min: 0
Max: 171
Mean: 28.79136690647482
Std: 36.3043644959027

Total Service Time Statistics:
Min: 7
Max: 205
Mean: 51.94244604316547
Std: 45.460409560977105
