iteration: 26
System used: Adaptive
Number of floors: 5
Number of passengers: 48
traffic: low
Waiting Time Statistics:
Min: 0
Max: 55
Mean: 10.375
Std: 9.926592267367145

Total Service Time Statistics:
Min: 7
Max: 62
Mean: 21.395833333333332
Std: 11.169372224369857
