iteration: 12
System used: Adaptive
Number of floors: 20
Number of passengers: 149
traffic: low
Waiting Time Statistics:
Min: 0
Max: 214
Mean: 37.241610738255034
Std: 45.680537432156974

Total Service Time Statistics:
Min: 4
Max: 243
Mean: 59.80536912751678
Std: 55.923050154165026
