iteration: 30
System used: Adaptive
Number of floors: 20
Number of passengers: 126
traffic: low
Waiting Time Statistics:
Min: 0
Max: 182
Mean: 31.103174603174605
Std: 43.147714537867124

Total Service Time Statistics:
Min: 7
Max: 214
Mean: 52.12698412698413
Std: 51.54974050401947
