iteration: 44
System used: Adaptive
Number of floors: 40
Number of passengers: 214
traffic: low
Waiting Time Statistics:
Min: 0
Max: 552
Mean: 109.82242990654206
Std: 115.39141904159958

Total Service Time Statistics:
Min: 10
Max: 568
Mean: 144.28504672897196
Std: 128.94952268140844
