iteration: 19
System used: Adaptive
Number of floors: 20
Number of passengers: 132
traffic: low
Waiting Time Statistics:
Min: 0
Max: 167
Mean: 28.227272727272727
Std: 35.08932786346563

Total Service Time Statistics:
Min: 7
Max: 192
Mean: 50.916666666666664
Std: 45.46856000699181
