iteration: 69
System used: Adaptive
Number of floors: 20
Number of passengers: 164
traffic: low
Waiting Time Statistics:
Min: 0
Max: 200
Mean: 30.23780487804878
Std: 39.90323615039985

Total Service Time Statistics:
Min: 6
Max: 224
Mean: 52.1280487804878
Std: 50.42471828948867
