iteration: 25
System used: Adaptive
Number of floors: 5
Number of passengers: 42
traffic: low
Waiting Time Statistics:
Min: 0
Max: 56
Mean: 9.285714285714286
Std: 11.557461351524653

Total Service Time Statistics:
Min: 4
Max: 65
Mean: 21.333333333333332
Std: 13.155109675297492
