iteration: 20
System used: Adaptive
Number of floors: 5
Number of passengers: 45
traffic: low
Waiting Time Statistics:
Min: 0
Max: 38
Mean: 9.466666666666667
Std: 8.264381404557755

Total Service Time Statistics:
Min: 7
Max: 44
Mean: 21.977777777777778
Std: 8.672026314768678
