iteration: 51
System used: Adaptive
Number of floors: 40
Number of passengers: 207
traffic: low
Waiting Time Statistics:
Min: 0
Max: 568
Mean: 115.30434782608695
Std: 119.48582858829674

Total Service Time Statistics:
Min: 8
Max: 603
Mean: 157.36231884057972
Std: 132.93084971611128
