iteration: 48
System used: Adaptive
Number of floors: 5
Number of passengers: 44
traffic: low
Waiting Time Statistics:
Min: 0
Max: 51
Mean: 9.25
Std: 11.005548283627482

Total Service Time Statistics:
Min: 4
Max: 60
Mean: 19.454545454545453
Std: 11.518346428187785
