iteration: 12
System used: Adaptive
Number of floors: 5
Number of passengers: 47
traffic: low
Waiting Time Statistics:
Min: 0
Max: 64
Mean: 10.680851063829786
Std: 13.437627868720186

Total Service Time Statistics:
Min: 7
Max: 71
Mean: 23.29787234042553
Std: 14.464221065333144
