iteration: 11
System used: Adaptive
Number of floors: 20
Number of passengers: 141
traffic: low
Waiting Time Statistics:
Min: 0
Max: 189
Mean: 27.127659574468087
Std: 36.83977878478445

Total Service Time Statistics:
Min: 9
Max: 215
Mean: 49.666666666666664
Std: 50.71427900737716
