iteration: 35
System used: Adaptive
Number of floors: 20
Number of passengers: 149
traffic: low
Waiting Time Statistics:
Min: 0
Max: 194
Mean: 33.46979865771812
Std: 40.17757157160721

Total Service Time Statistics:
Min: 7
Max: 221
Mean: 55.66442953020134
Std: 50.800432369177116
