iteration: 97
System used: Adaptive
Number of floors: 40
Number of passengers: 184
traffic: low
Waiting Time Statistics:
Min: 0
Max: 773
Mean: 142.54347826086956
Std: 159.1273616478136

Total Service Time Statistics:
Min: 6
Max: 782
Mean: 178.83695652173913
Std: 164.58879226521017
