iteration: 53
System used: Adaptive
Number of floors: 5
Number of passengers: 54
traffic: low
Waiting Time Statistics:
Min: 0
Max: 47
Mean: 9.24074074074074
Std: 9.214294033472667

Total Service Time Statistics:
Min: 7
Max: 68
Mean: 20.796296296296298
Std: 12.121055483074054
