iteration: 46
System used: Adaptive
Number of floors: 20
Number of passengers: 137
traffic: low
Waiting Time Statistics:
Min: 1
Max: 222
Mean: 29.795620437956206
Std: 38.92416055351804

Total Service Time Statistics:
Min: 6
Max: 229
Mean: 52.24087591240876
Std: 48.74008580145318
