iteration: 20
System used: Adaptive
Number of floors: 40
Number of passengers: 206
traffic: low
Waiting Time Statistics:
Min: 0
Max: 526
Mean: 123.51456310679612
Std: 131.56375541197082

Total Service Time Statistics:
Min: 4
Max: 634
Mean: 161.83009708737865
Std: 142.41970015480882
