iteration: 37
System used: Adaptive
Number of floors: 40
Number of passengers: 197
traffic: low
Waiting Time Statistics:
Min: 0
Max: 675
Mean: 136.14213197969542
Std: 159.9339471486073

Total Service Time Statistics:
Min: 9
Max: 704
Mean: 176.51269035532994
Std: 173.9031694309601
