iteration: 78
System used: Adaptive
Number of floors: 20
Number of passengers: 147
traffic: low
Waiting Time Statistics:
Min: 0
Max: 201
Mean: 33.204081632653065
Std: 43.74442254475549

Total Service Time Statistics:
Min: 6
Max: 235
Mean: 54.82993197278912
Std: 53.58623496190603
