iteration: 92
System used: Adaptive
Number of floors: 20
Number of passengers: 131
traffic: low
Waiting Time Statistics:
Min: 0
Max: 199
Mean: 30.66412213740458
Std: 36.972257933799895

Total Service Time Statistics:
Min: 8
Max: 206
Mean: 52.51145038167939
Std: 45.547501225426316
