iteration: 24
System used: Adaptive
Number of floors: 20
Number of passengers: 126
traffic: low
Waiting Time Statistics:
Min: 0
Max: 189
Mean: 32.46825396825397
Std: 43.0407595672635

Total Service Time Statistics:
Min: 5
Max: 219
Mean: 56.44444444444444
Std: 52.291575697132025
