iteration: 43
System used: Adaptive
Number of floors: 5
Number of passengers: 49
traffic: low
Waiting Time Statistics:
Min: 0
Max: 56
Mean: 9.653061224489797
Std: 10.260261165471057

Total Service Time Statistics:
Min: 7
Max: 63
Mean: 22.142857142857142
Std: 10.704360482220942
