iteration: 71
System used: Adaptive
Number of floors: 5
Number of passengers: 41
traffic: low
Waiting Time Statistics:
Min: 0
Max: 40
Mean: 9.024390243902438
Std: 8.265856897134286

Total Service Time Statistics:
Min: 4
Max: 48
Mean: 20.26829268292683
Std: 9.914697146771308
