iteration: 29
System used: Adaptive
Number of floors: 5
Number of passengers: 45
traffic: low
Waiting Time Statistics:
Min: 0
Max: 66
Mean: 9.622222222222222
Std: 13.014482996906473

Total Service Time Statistics:
Min: 7
Max: 72
Mean: 22.11111111111111
Std: 14.05706264128499
