iteration: 69
System used: Adaptive
Number of floors: 5
Number of passengers: 53
traffic: low
Waiting Time Statistics:
Min: 0
Max: 44
Mean: 7.39622641509434
Std: 7.153104819806219

Total Service Time Statistics:
Min: 5
Max: 59
Mean: 18.62264150943396
Std: 8.768883831906694
