iteration: 94
System used: Adaptive
Number of floors: 40
Number of passengers: 187
traffic: low
Waiting Time Statistics:
Min: 0
Max: 456
Mean: 90.92513368983957
Std: 97.46168124518448

Total Service Time Statistics:
Min: 6
Max: 501
Mean: 127.02673796791444
Std: 113.41257981252365
