iteration: 16
System used: Adaptive
Number of floors: 5
Number of passengers: 49
traffic: low
Waiting Time Statistics:
Min: 0
Max: 54
Mean: 10.020408163265307
Std: 9.902629692659016

Total Service Time Statistics:
Min: 7
Max: 64
Mean: 21.571428571428573
Std: 11.265729744080792
