iteration: 86
System used: Adaptive
Number of floors: 40
Number of passengers: 200
traffic: low
Waiting Time Statistics:
Min: 0
Max: 590
Mean: 124.245
Std: 136.24953081842597

Total Service Time Statistics:
Min: 8
Max: 628
Mean: 165.925
Std: 147.08640804697353
