iteration: 76
System used: Adaptive
Number of floors: 20
Number of passengers: 129
traffic: low
Waiting Time Statistics:
Min: 0
Max: 193
Mean: 33.201550387596896
Std: 45.59526082914231

Total Service Time Statistics:
Min: 5
Max: 214
Mean: 54.333333333333336
Std: 52.924376078829056
