iteration: 70
System used: Adaptive
Number of floors: 40
Number of passengers: 205
traffic: low
Waiting Time Statistics:
Min: 0
Max: 1147
Mean: 244.58536585365854
Std: 289.45541967783294

Total Service Time Statistics:
Min: 11
Max: 1160
Mean: 289.10731707317075
Std: 306.10183201647953
