iteration: 94
System used: Adaptive
Number of floors: 5
Number of passengers: 62
traffic: low
Waiting Time Statistics:
Min: 0
Max: 48
Mean: 9.290322580645162
Std: 8.429820402913895

Total Service Time Statistics:
Min: 8
Max: 73
Mean: 21.483870967741936
Std: 12.171913296378396
