iteration: 90
System used: Adaptive
Number of floors: 20
Number of passengers: 125
traffic: low
Waiting Time Statistics:
Min: 0
Max: 169
Mean: 28.968
Std: 36.14842520997685

Total Service Time Statistics:
Min: 7
Max: 186
Mean: 50.584
Std: 44.09633588757321
