iteration: 51
System used: Adaptive
Number of floors: 20
Number of passengers: 137
traffic: low
Waiting Time Statistics:
Min: 0
Max: 182
Mean: 30.35036496350365
Std: 39.13524649530363

Total Service Time Statistics:
Min: 7
Max: 202
Mean: 50.21167883211679
Std: 46.528838409941486
