iteration: 62
System used: Adaptive
Number of floors: 40
Number of passengers: 214
traffic: low
Waiting Time Statistics:
Min: 0
Max: 700
Mean: 132.5841121495327
Std: 147.86680318273037

Total Service Time Statistics:
Min: 7
Max: 716
Mean: 166.92523364485982
Std: 160.85938226482537
