iteration: 8
System used: Adaptive
Number of floors: 20
Number of passengers: 151
traffic: low
Waiting Time Statistics:
Min: 0
Max: 196
Mean: 33.23841059602649
Std: 47.34183612961817

Total Service Time Statistics:
Min: 5
Max: 253
Mean: 59.05960264900662
Std: 62.66463455443636
