iteration: 63
System used: Adaptive
Number of floors: 20
Number of passengers: 139
traffic: low
Waiting Time Statistics:
Min: 0
Max: 164
Mean: 27.258992805755394
Std: 32.43395477222312

Total Service Time Statistics:
Min: 8
Max: 179
Mean: 48.381294964028775
Std: 40.86889531303749
