iteration: 62
System used: Adaptive
Number of floors: 20
Number of passengers: 136
traffic: low
Waiting Time Statistics:
Min: 0
Max: 184
Mean: 32.49264705882353
Std: 39.33144935667553

Total Service Time Statistics:
Min: 6
Max: 205
Mean: 55.10294117647059
Std: 47.91632821704854
