iteration: 63
System used: Adaptive
Number of floors: 5
Number of passengers: 55
traffic: low
Waiting Time Statistics:
Min: 0
Max: 45
Mean: 8.309090909090909
Std: 8.554558514644189

Total Service Time Statistics:
Min: 8
Max: 49
Mean: 20.054545454545455
Std: 9.738085182945516
