iteration: 37
System used: Adaptive
Number of floors: 5
Number of passengers: 48
traffic: low
Waiting Time Statistics:
Min: 0
Max: 58
Mean: 10.854166666666666
Std: 12.23178556115927

Total Service Time Statistics:
Min: 4
Max: 68
Mean: 22.708333333333332
Std: 14.057569072458808
