iteration: 39
System used: Adaptive
Number of floors: 40
Number of passengers: 203
traffic: low
Waiting Time Statistics:
Min: 0
Max: 670
Mean: 132.48275862068965
Std: 126.91411085039518

Total Service Time Statistics:
Min: 7
Max: 709
Mean: 175.78817733990147
Std: 140.55582541308118
