iteration: 25
System used: Adaptive
Number of floors: 20
Number of passengers: 141
traffic: low
Waiting Time Statistics:
Min: 0
Max: 192
Mean: 30.099290780141843
Std: 43.194130713151786

Total Service Time Statistics:
Min: 8
Max: 228
Mean: 50.241134751773046
Std: 51.36492698736587
