iteration: 51
System used: Adaptive
Number of floors: 5
Number of passengers: 63
traffic: low
Waiting Time Statistics:
Min: 0
Max: 57
Mean: 9.079365079365079
Std: 11.025339709932119

Total Service Time Statistics:
Min: 5
Max: 65
Mean: 21.444444444444443
Std: 12.926314468353578
